7940,17692,2
7940,17980,1
7940,25049,1
7940,54234,1
7940,36164,1
7940,17694,1
7940,14815,1
7940,41661,1
7940,18950,1
7940,62489,1
7940,57037,1
7940,53192,1
7940,30145,1
7940,18785,2
7940,41149,1
7940,63256,1
7940,57128,1
7940,17688,1
7940,35712,1
7940,35502,1
7940,19915,1
7940,30146,1
7940,28725,1
7940,17683,2
7940,41991,1
7940,17682,1
7941,54124,1
7941,47810,1
7941,46836,2
7941,59637,1
7941,18807,7
7941,19425,1
7941,21694,2
7941,9513,2
7941,21699,1
7941,23981,1
7941,18811,3
7941,12766,1
7941,12702,1
7941,22630,1
7941,15953,2
7941,19850,2
7941,23462,1
7941,49764,2
7941,10434,1
7941,12776,3
7941,19445,1
7941,47912,1
7941,18807,7
7941,18442,3
7941,49764,2
7941,18807,7
7941,22643,3
7941,38855,1
7941,25106,3
7941,22643,3
7941,31144,1
7941,15624,1
7941,14330,1
7941,23986,1
7941,18295,1
7941,25046,4
7941,46836,2
7941,19443,1
7941,14417,1
7941,52439,1
7942,54492,1
7942,17288,1
7942,46432,1
7942,22477,4
7942,40563,3
7942,26735,2
7942,26584,1
7942,31320,1
7942,19889,2
7942,14330,4
7942,23576,1
7942,49199,1
7942,9625,4
7942,21204,1
7942,23514,1
7942,26468,1
7942,44721,1
7942,46499,1
7942,37824,3
7942,38463,3
7942,26250,1
7942,49535,2
7942,51929,1
7942,54088,1
7942,31995,2
7942,18888,1
7942,11414,2
7942,22928,1
7942,18777,1
7942,13286,1
7942,27539,1
7942,54067,1
7942,22477,4
7942,22904,2
7942,34050,2
7942,20765,1
7942,51024,1
7942,26466,1
7942,21969,1
7942,22250,3
7943,22250,3
7943,11414,4
7943,18442,4
7943,12923,2
7943,13983,2
7943,23291,1
7943,36359,1
7943,26582,3
7943,19654,1
7943,18854,3
7943,10971,2
7943,18808,7
7943,23980,1
7943,44071,4
7943,12799,4
7943,15759,4
7943,18810,4
7943,31146,1
7943,12497,5
7943,42824,4
7943,18894,2
7943,18294,2
7943,20984,1
7943,9646,2
7943,23641,1
7943,18854,3
7943,40607,1
7943,43501,1
7943,11446,2
7943,37494,4
7943,9590,6
7943,22643,6
7943,42824,4
7943,19092,1
7943,14958,2
7943,28302,5
7943,21243,1
7943,23824,1
7943,23986,2
7943,10594,2
7944,14174,2
7944,19945,7
7944,62965,1
7944,22184,1
7944,13357,2
7944,23208,2
7944,47648,1
7944,25419,1
7944,44108,1
7944,13648,4
7944,14546,1
7944,14401,1
7944,18785,1
7944,38284,2
7944,26448,1
7944,13684,7
7944,18521,1
7944,37974,1
7944,10842,2
7944,51676,1
7944,19621,1
7944,44448,1
7944,21281,3
7944,22864,1
7944,27520,1
7944,22188,1
7944,34358,2
7944,12466,4
7944,14147,1
7944,20983,3
7944,17272,1
7944,23762,1
7944,10605,3
7944,22119,1
7944,39616,1
7944,44449,1
7944,8985,3
7944,44478,1
7944,19945,7
7944,16318,1
7945,21511,6
7945,47359,1
7945,25116,2
7945,22249,1
7945,23644,2
7945,17288,1
7945,28758,3
7945,48688,2
7945,23990,8
7945,26734,2
7945,53649,1
7945,28080,1
7945,23783,3
7945,33186,1
7945,41650,2
7945,52296,1
7945,13648,1
7945,23993,7
7945,25120,7
7945,41740,1
7945,46627,5
7945,23881,1
7945,21375,5
7945,16653,1
7945,24262,4
7945,14034,2
7945,21522,1
7945,25104,1
7945,31369,1
7945,41059,1
7945,58058,1
7945,23990,8
7945,26070,2
7945,16443,1
7945,28766,1
7945,41036,1
7945,25119,4
7945,55411,1
7945,25769,1
7945,29918,1
7946,25756,3
7946,42023,7
7946,28159,7
7946,15731,22
7946,30472,2
7946,32696,3
7946,35092,1
7946,19419,6
7946,21280,3
7946,12828,11
7946,21914,4
7946,8704,15
7946,10910,1
7946,46129,1
7946,20293,1
7946,24323,1
7946,15404,8
7946,47850,3
7946,27211,13
7946,15745,7
7946,38981,1
7946,39838,9
7946,39779,2
7946,20410,15
7946,27653,10
7946,27434,2
7946,27051,5
7946,14829,3
7946,16797,15
7946,27207,11
7946,32101,4
7946,28647,5
7946,61723,2
7946,26356,2
7946,40805,1
7946,40167,7
7946,26408,4
7946,9139,1
7946,14661,1
7946,32571,1
7948,12206,1
7948,36912,2
7948,15815,7
7948,15240,1
7948,19372,2
7948,16834,2
7948,19356,1
7948,15882,1
7948,14074,4
7948,19704,1
7948,22307,1
7948,17213,1
7948,34966,1
7948,15880,5
7948,14085,4
7948,37029,1
7948,28156,5
7948,19680,3
7948,21719,2
7948,10686,4
7948,20796,1
7948,23019,1
7948,22738,1
7948,29198,1
7948,36541,1
7948,31638,1
7948,14902,1
7948,15234,4
7948,19493,1
7948,28156,5
7948,15449,1
7948,35248,2
7948,10686,4
7948,35631,1
7948,15382,2
7948,15565,1
7948,18190,1
7948,12205,1
7948,15800,1
7948,25865,1
7949,32297,4
7949,35107,1
7949,26573,1
7949,19358,1
7949,24543,1
7949,31477,5
7949,16519,1
7949,10902,1
7949,13588,1
7949,19519,1
7949,19471,5
7949,30860,1
7949,37240,1
7949,21229,1
7949,17756,1
7949,13924,6
7949,32910,1
7949,36547,2
7949,36545,2
7949,19686,3
7949,25745,1
7949,13462,1
7949,34507,1
7949,11827,1
7949,20778,2
7949,36594,1
7949,19782,1
7949,24990,3
7949,13674,2
7949,20880,1
7949,35134,1
7949,25231,1
7949,12179,2
7949,11844,3
7949,26534,1
7949,28461,1
7949,25364,1
7949,17826,4
7949,14689,1
7949,20898,1
7950,27695,1
7950,33976,1
7950,14118,1
7950,17107,1
7950,26105,1
7950,11537,3
7950,27680,1
7950,18548,2
7950,29588,1
7950,28715,1
7950,19499,2
7950,27686,1
7950,17246,3
7950,36620,1
7950,17045,2
7950,30116,1
7950,30404,1
7950,14086,1
7950,25250,1
7950,19760,1
7950,11557,1
7950,13056,1
7950,20776,4
7950,34270,1
7950,14874,4
7950,14691,3
7950,32163,1
7950,14879,1
7950,15571,1
7950,28720,1
7950,15233,3
7950,23714,2
7950,36303,1
7950,15033,1
7950,11844,3
7950,10815,3
7950,14124,3
7950,35111,1
7950,23090,2
7950,28718,2
7951,11291,2
7951,15364,1
7951,22430,2
7951,11307,4
7951,14538,1
7951,23204,1
7951,10662,4
7951,11269,1
7951,18069,1
7951,22936,1
7951,41052,1
7951,46449,1
7951,24520,2
7951,46453,1
7951,38408,1
7951,22429,2
7951,20445,1
7951,21996,3
7951,10672,1
7951,25628,1
7951,13766,1
7951,9964,1
7951,23011,1
7951,42513,2
7951,25304,3
7951,18107,1
7951,27566,4
7951,15621,1
7951,22430,2
7951,34528,1
7951,44335,1
7951,25587,1
7951,19056,1
7951,20518,1
7951,52096,1
7951,26061,1
7951,9960,1
7951,13767,1
7951,17874,1
7951,14323,1
7952,11291,2
7952,16015,1
7952,42827,1
7952,11772,1
7952,46447,1
7952,46450,1
7952,57568,1
7952,46448,1
7952,47545,1
7952,18117,1
7952,51699,1
7952,18107,1
7952,9965,2
7952,28140,1
7952,27566,4
7952,36515,1
7952,41693,1
7952,22429,2
7952,27539,1
7952,10689,1
7952,19942,1
7952,17874,1
7952,44602,1
7952,11291,2
7952,23846,1
7952,28976,1
7952,30586,1
7952,29606,1
7952,16231,1
7952,17330,1
7952,26385,1
7952,30700,1
7952,17684,1
7952,48945,2
7952,12811,1
7952,48939,1
7952,28158,1
7952,47546,1
7952,52712,1
7952,20211,1
7953,22370,2
7953,23841,2
7953,24991,1
7953,20067,1
7953,14988,3
7953,25199,1
7953,16675,1
7953,27835,2
7953,16051,1
7953,12322,1
7953,25845,2
7953,38455,1
7953,17318,1
7953,22916,1
7953,27822,1
7953,32580,1
7953,16159,1
7953,13471,2
7953,15576,1
7953,22738,1
7953,29508,1
7953,35200,2
7953,33049,1
7953,25592,1
7953,32688,2
7953,36228,1
7953,43043,1
7953,16513,3
7953,17052,1
7953,36602,1
7953,23060,1
7953,20844,1
7953,27467,1
7953,30776,1
7953,26355,1
7953,15375,1
7953,27125,2
7953,27189,1
7953,17404,1
7953,27125,2
7954,25423,1
7954,23426,1
7954,33552,1
7955,9132,1
7955,12239,3
7955,19043,2
7955,20275,4
7955,12577,2
7955,20052,1
7955,19200,1
7955,17103,2
7955,20037,1
7955,16573,2
7955,19181,3
7955,17548,9
7955,18857,1
7955,12910,1
7955,17771,1
7955,15744,1
7955,19015,3
7955,26358,1
7955,14113,1
7955,15568,1
7955,17918,2
7955,19186,1
7955,20155,1
7955,19482,4
7955,20120,2
7955,12464,5
7955,19520,1
7955,20147,1
7955,19310,2
7955,19323,1
7955,9231,1
7955,26822,1
7955,17416,1
7955,16573,2
7955,19373,4
7955,16805,1
7955,44597,1
7955,8885,2
7955,20002,3
7955,17244,1
7956,41050,3
7956,22719,2
7956,12831,1
7956,26765,8
7956,22080,4
7956,29794,1
7956,33125,2
7956,51333,2
7956,9971,1
7956,41072,1
7956,34236,2
7956,36364,1
7956,31335,1
7956,45645,1
7956,15379,1
7956,11857,1
7956,32184,7
7956,18481,10
7956,25408,2
7956,23543,13
7956,29334,22
7956,35215,4
7956,38179,1
7956,34578,1
7956,35878,3
7956,20560,1
7956,41055,1
7956,33503,3
7956,18573,12
7956,28955,2
7956,42259,1
7956,24823,4
7956,49768,2
7956,38913,4
7956,41056,1
7956,41064,1
7956,15682,1
7956,25449,1
7956,30884,8
7956,35744,1
7957,8626,4
7957,10821,1
7957,38455,1
7957,14276,2
7957,45224,1
7957,25544,1
7957,29153,1
7957,36476,3
7957,37554,1
7957,17756,1
7957,36452,1
7957,35315,3
7957,22373,1
7957,25175,2
7957,32966,1
7957,34834,1
7957,18024,9
7957,30219,1
7957,35185,1
7957,17245,1
7957,19683,2
7957,25547,3
7957,36460,1
7957,18036,1
7957,34504,1
7957,23971,2
7957,12316,2
7957,14275,2
7957,39559,1
7957,21413,1
7957,17761,1
7957,27847,1
7957,30760,1
7957,25555,1
7957,16065,1
7957,20132,1
7957,28195,1
7957,29908,1
7957,37706,1
7957,17312,1
7958,21293,1
7958,32934,2
7958,16392,1
7958,36000,1
7958,35730,1
7958,36001,1
7958,41010,2
7958,9716,1
7958,27948,1
7958,35627,1
7958,41047,1
7958,32930,3
7958,38915,6
7958,31338,1
7958,25530,1
7958,30392,1
7958,7960,7
7958,19602,1
7958,41065,1
7958,19163,1
7958,31000,1
7958,38386,1
7958,41046,1
7958,9692,2
7958,24192,1
7958,41072,1
7958,44291,1
7958,11155,1
7958,35696,2
7958,41061,1
7958,23439,1
7958,27561,1
7958,41069,1
7958,9433,1
7958,41017,1
7958,22079,1
7958,8234,3
7958,24771,1
7958,35639,1
7958,41071,1
7959,55699,1
7959,23395,1
7959,13660,2
7959,31715,1
7959,38595,1
7959,35990,1
7959,34244,1
7959,36072,1
7959,35575,2
7959,51294,2
7959,30791,1
7959,34728,3
7959,53768,1
7959,40982,2
7959,34805,1
7959,24196,2
7959,35720,1
7959,11877,1
7959,25767,2
7959,33308,1
7959,35585,1
7959,23030,4
7959,39278,3
7959,31016,5
7959,35571,7
7959,37761,1
7959,40326,7
7959,57919,1
7959,45647,2
7959,25194,1
7959,24194,6
7959,18251,2
7959,41248,2
7959,25145,3
7959,36024,3
7959,46624,1
7959,60957,1
7959,20058,1
7959,39985,1
7959,38598,2
7960,17734,2
7960,12259,1
7960,29716,2
7960,38611,1
7960,48732,1
7960,34801,1
7960,19682,1
7960,38602,1
7960,54749,2
7960,35539,1
7960,47413,4
7960,46153,1
7960,35782,1
7960,14214,1
7960,22747,1
7960,35825,1
7960,32663,1
7960,54296,1
7960,50211,2
7960,40323,1
7960,61719,2
7960,49615,1
7960,21284,3
7960,50351,6
7960,51291,4
7960,54755,1
7960,36024,2
7960,38584,1
7960,41071,3
7960,32942,3
7960,9801,2
7960,24830,2
7960,27701,1
7960,26726,1
7960,51333,2
7960,57229,2
7960,14996,3
7960,23101,1
7960,35696,4
7960,33081,1
7961,14276,1
7961,40336,1
7961,50351,2
7961,54751,1
7961,21715,8
7961,21272,6
7961,35568,4
7961,35758,2
7961,36022,2
7961,50053,2
7961,35748,6
7961,36036,4
7961,27582,1
7961,35764,2
7961,50489,1
7961,38597,1
7961,15331,1
7961,39058,1
7961,29423,3
7961,35507,1
7961,35876,2
7961,35684,1
7961,41682,1
7961,43785,1
7961,41012,5
7961,31039,1
7961,28417,4
7961,37573,1
7961,36111,2
7961,8293,3
7961,18086,1
7961,23798,1
7961,32326,1
7961,41013,3
7961,41334,2
7961,24191,4
7961,23397,1
7961,40149,1
7961,17615,1
7961,49015,1
7962,28301,1
7962,14565,1
7962,31699,1
7962,23364,1
7962,49236,1
7962,26490,1
7962,12861,4
7962,50931,1
7962,39645,1
7962,48705,1
7962,45902,1
7962,46171,1
7962,47681,1
7962,18527,1
7962,32442,1
7962,61396,1
7962,42732,1
7962,46170,1
7962,18530,1
7962,40684,1
7962,26741,1
7962,37817,1
7962,42523,1
7962,23505,1
7962,61164,1
7962,38273,1
7962,18529,1
7962,42612,1
7962,49984,1
7962,49191,1
7962,47020,1
7962,43370,1
7962,14771,1
7962,48975,1
7962,60403,1
7962,27994,1
7962,45904,1
7962,43506,1
7962,27147,1
7962,40033,1
7963,15251,1
7963,9742,3
7963,52314,1
7963,11981,1
7963,20455,1
7963,17519,1
7963,17521,1
7963,11982,1
7963,9743,2
7963,9698,3
7963,18844,1
7963,11310,1
7964,52183,1
7964,31140,1
7964,34185,1
7964,45573,1
7964,51223,1
7964,33892,1
7964,30982,3
7964,37250,1
7964,44416,3
7964,31080,1
7964,30792,1
7964,24041,1
7964,25789,1
7964,23688,1
7964,25444,1
7964,43203,2
7964,23468,1
7964,16363,1
7964,37842,2
7964,42887,1
7964,40981,1
7964,31325,1
7964,33120,1
7964,42005,1
7964,32173,1
7964,46553,1
7964,30945,2
7964,46812,1
7964,60917,1
7964,42685,1
7964,31283,1
7964,46021,1
7964,32928,1
7964,44417,3
7964,30420,1
7964,44230,3
7964,33225,2
7964,33891,1
7964,56437,1
7964,31484,1
7965,42801,1
7965,11691,1
7965,24132,1
7965,56028,1
7965,33120,1
7965,13674,1
7965,31416,1
7965,44682,1
7965,18301,1
7965,55541,1
7965,10435,1
7965,38089,1
7965,17818,2
7965,33892,1
7965,9764,1
7965,18299,1
7965,34181,1
7965,23132,2
7965,57901,1
7965,17837,1
7965,30299,1
7965,33118,2
7965,55540,1
7965,42804,1
7965,38360,1
7965,42800,1
7965,33881,1
7965,33125,1
7965,40485,1
7965,25699,1
7965,34180,1
7965,38091,1
7965,9782,1
7965,34187,1
7965,18728,1
7965,21387,1
7965,42803,1
7965,10021,1
7965,25022,1
7965,42802,1
7966,20728,1
7966,46554,1
7966,16395,1
7966,17196,1
7966,19182,2
7966,19290,3
7966,46553,2
7966,53877,1
7966,11353,8
7966,13358,1
7966,12128,1
7966,55256,5
7966,13125,1
7966,15442,2
7966,19231,4
7966,12533,4
7966,38576,2
7966,15088,1
7966,13803,2
7966,18888,1
7966,18400,4
7966,19277,4
7966,10196,1
7966,56967,1
7966,17383,2
7966,19223,3
7966,19238,4
7966,19251,2
7966,19238,4
7966,31139,3
7966,54746,1
7966,18829,1
7966,40894,1
7966,19258,3
7966,43418,1
7966,19286,4
7966,38689,2
7966,19221,2
7966,40981,1
7966,23683,1
7967,54724,1
7967,19304,1
7967,48123,1
7967,48122,1
7967,16018,1
7967,37387,1
7967,44993,1
7967,38309,1
7967,48124,1
7967,38358,1
7967,45987,1
7967,35948,1
7967,43006,1
7967,41697,1
7967,60538,1
7967,48125,1
7967,55182,1
7968,20079,1
7968,32768,1
7968,24821,1
7968,16041,1
7968,16341,1
7968,12741,1
7968,16653,1
7968,30434,1
7968,8736,1
7968,10282,2
7968,18193,2
7968,17586,3
7968,12431,3
7968,21412,1
7968,16336,1
7968,21861,1
7968,17976,1
7968,18457,4
7968,17178,2
7968,22008,1
7968,22931,1
7968,30398,1
7968,17864,1
7968,14418,1
7968,13901,1
7968,13902,1
7968,15040,1
7968,24126,1
7968,14471,1
7968,16555,1
7968,14620,4
7968,49315,1
7968,15705,1
7968,11846,1
7968,18146,1
7968,31556,1
7968,18459,3
7968,13853,1
7968,19634,1
7968,10744,1
7969,12855,2
7969,12754,3
7969,13684,11
7969,13877,1
7969,9389,2
7969,12743,12
7969,20438,2
7969,38711,1
7969,12420,5
7969,23240,1
7969,11972,1
7969,8512,7
7969,9633,1
7969,17565,2
7969,16864,1
7969,12443,7
7969,14620,8
7969,27539,3
7969,23558,1
7969,16522,1
7969,17366,1
7969,18254,1
7969,20364,1
7969,12435,2
7969,24104,1
7969,14616,4
7969,19436,3
7969,9592,11
7969,12627,1
7969,18093,7
7969,16585,1
7969,18250,1
7969,14614,1
7969,21424,2
7969,35633,1
7969,21007,1
7969,17634,1
7969,23560,1
7969,14310,7
7969,18096,2
7970,63495,1
7970,32157,3
7970,52606,1
7970,21228,1
7970,21131,1
7970,56626,1
7970,33252,1
7970,28775,1
7970,22179,1
7970,17646,1
7970,28601,1
7970,21524,5
7970,26674,3
7970,29091,1
7970,41936,1
7970,26513,3
7970,36412,2
7970,33634,1
7970,22121,1
7970,21670,1
7970,23807,3
7970,34592,1
7970,27307,1
7970,39969,1
7970,24447,2
7970,24876,1
7970,21997,1
7970,26182,1
7970,39876,1
7970,12856,1
7970,17554,1
7970,17435,1
7970,43339,2
7970,34312,1
7970,26173,2
7970,33709,1
7970,32623,2
7970,12702,1
7970,15022,3
7970,19610,4
7971,8381,1
7971,8566,2
7971,21265,2
7971,24136,1
7971,24211,1
7971,24205,1
7971,25064,1
7971,21018,2
7971,11953,4
7971,21197,1
7971,21386,2
7971,31602,2
7971,13896,1
7971,20085,1
7971,14620,1
7971,30203,1
7971,52141,1
7971,13919,1
7971,15673,2
7971,9052,1
7971,12283,1
7971,22747,3
7971,50018,1
7971,30372,1
7971,8557,2
7971,11951,4
7971,27249,1
7971,11861,1
7971,13866,2
7971,11074,3
7971,18373,2
7971,31851,1
7971,11877,2
7971,12637,4
7971,11008,1
7971,18907,1
7971,34294,1
7971,14619,1
7971,41041,2
7971,13691,1
7972,12251,4
7972,28603,1
7972,40137,1
7972,21715,2
7972,13744,13
7972,27250,2
7972,30861,2
7972,25129,3
7972,28848,1
7972,18922,1
7972,12870,1
7972,13747,9
7972,16378,1
7972,20260,1
7972,11072,4
7972,11155,3
7972,26479,3
7972,15057,5
7972,43608,1
7972,20677,2
7972,25977,3
7972,25975,1
7972,17503,1
7972,24426,1
7972,23201,1
7972,13744,13
7972,24693,2
7972,23018,3
7972,12709,7
7972,11880,4
7972,25129,3
7972,25977,3
7972,27062,2
7972,13748,8
7972,23262,1
7972,21668,1
7972,27315,3
7972,30567,1
7972,29649,1
7972,23380,1
7973,12654,13
7973,9618,8
7973,20677,2
7973,22632,1
7973,16655,1
7973,21953,5
7973,21834,1
7973,25878,1
7973,22527,2
7973,17113,2
7973,8512,11
7973,14994,1
7973,11387,1
7973,13684,20
7973,14548,4
7973,24265,1
7973,22055,5
7973,17820,9
7973,8833,2
7973,19306,2
7973,13360,8
7973,20983,13
7973,20983,13
7973,15834,3
7973,18052,1
7973,18446,1
7973,17116,6
7973,8003,1
7973,12638,9
7973,13410,1
7973,12711,1
7973,17205,3
7973,18622,3
7973,13584,3
7973,21366,2
7973,59625,1
7973,17820,9
7973,19663,3
7973,10179,9
7973,12753,1
7974,8909,2
7974,17584,5
7974,14520,9
7974,45085,1
7974,17595,4
7974,21072,3
7974,17366,2
7974,17564,5
7974,12420,15
7974,23223,1
7974,18227,3
7974,19620,1
7974,19414,2
7974,14638,2
7974,18538,1
7974,14201,1
7974,22637,1
7974,8848,7
7974,9326,5
7974,12746,1
7974,18693,1
7974,14553,4
7974,15213,1
7974,19467,1
7974,18610,12
7974,37973,1
7974,18381,4
7974,12558,2
7974,22631,4
7974,18672,2
7974,13870,11
7974,8898,1
7974,14842,1
7974,17585,3
7974,22483,2
7974,18793,4
7974,19401,7
7974,21783,1
7974,14198,1
7974,16742,1
7975,17611,1
7975,14531,5
7975,20550,4
7975,22613,1
7975,22617,1
7975,14614,1
7975,33877,2
7975,36761,1
7975,17544,1
7975,25129,9
7975,29093,1
7975,8753,2
7975,11216,2
7975,43742,1
7975,12438,6
7975,14452,1
7975,14193,4
7975,39531,6
7975,25062,9
7975,22539,2
7975,23012,3
7975,27306,1
7975,11889,1
7975,28753,1
7975,19786,17
7975,12450,2
7975,18797,1
7975,22701,1
7975,17166,3
7975,24599,1
7975,24151,2
7975,32066,3
7975,20494,1
7975,20550,4
7975,27530,4
7975,28849,1
7975,17609,1
7975,20079,1
7975,10124,3
7975,25462,1
7976,22982,1
7976,20588,1
7976,24652,5
7976,12601,2
7976,25767,2
7976,35151,1
7976,25328,1
7976,32676,8
7976,32957,10
7976,31855,2
7976,26507,1
7976,30066,1
7976,33701,1
7976,33716,1
7976,38602,2
7976,9441,1
7976,24219,1
7976,26324,1
7976,32907,1
7976,38650,1
7976,20742,2
7976,17444,1
7976,24444,1
7976,11723,2
7976,25079,1
7976,31767,1
7976,18251,8
7976,26356,2
7976,37771,5
7976,24763,3
7976,29129,5
7976,40823,1
7976,25958,14
7976,14306,1
7976,23128,16
7976,15258,1
7976,19524,2
7976,16322,2
7976,29855,1
7976,24213,3
7977,29387,1
7977,38527,1
7977,35726,1
7977,29180,1
7977,29386,1
7977,29176,1
7977,22948,1
7977,50068,1
7977,23766,1
7977,19063,1
7977,29388,1
7977,10542,1
7977,20964,1
7977,29182,1
7977,36478,1
7977,48764,1
7977,29389,1
7978,46091,4
7978,21956,1
7978,11456,1
7978,19400,3
7978,37201,3
7978,11429,1
7978,18668,13
7978,15442,2
7978,50921,1
7978,10772,6
7978,20814,1
7978,11053,2
7978,41517,3
7978,38688,3
7978,40158,3
7978,17265,1
7978,40041,2
7978,12665,1
7978,14550,2
7978,10440,4
7978,17524,1
7978,18388,7
7978,23735,2
7978,48694,1
7978,15215,1
7978,11367,6
7978,16239,2
7978,46102,2
7978,34629,2
7978,46276,14
7978,49525,1
7978,49655,1
7978,38703,1
7978,54548,3
7978,11205,4
7978,11840,1
7978,37427,1
7978,39753,3
7978,47291,1
7978,10596,3
7979,11150,2
7979,11216,1
7979,22943,1
7979,16554,3
7979,24496,1
7979,25873,1
7979,12447,4
7979,12654,5
7979,22946,1
7979,10108,2
7979,10112,1
7979,20999,6
7979,21355,1
7979,24853,4
7979,13742,3
7979,13228,1
7979,21164,3
7979,32427,1
7979,17614,2
7979,27043,1
7979,21087,3
7979,10853,1
7979,16875,10
7979,17357,1
7979,13641,1
7979,17168,4
7979,18453,1
7979,8842,2
7979,12113,3
7979,22095,1
7979,24739,1
7979,14554,1
7979,23514,1
7979,29219,2
7979,15618,6
7979,21060,1
7979,15777,1
7979,54147,1
7979,21751,2
7979,19802,1
7980,33946,1
7980,34195,1
7980,24393,1
7980,22634,1
7980,34187,1
7980,28299,1
7980,28293,3
7980,18819,2
7980,21208,1
7980,20194,1
7980,37444,1
7980,38381,1
7980,45115,1
7980,21916,1
7980,37442,1
7980,44180,2
7980,22249,1
7980,25612,3
7980,48412,1
7980,22694,2
7980,47078,1
7980,23676,4
7980,31581,1
7980,28294,2
7980,23438,1
7980,25159,2
7980,31608,1
7980,19309,1
7980,27106,1
7980,56001,1
7980,23483,3
7980,27954,3
7980,12442,1
7980,26203,4
7980,48411,1
7980,23875,1
7980,25730,1
7980,17038,1
7980,43700,1
7980,17901,4
7981,13691,3
7981,17853,4
7981,40671,1
7981,25067,1
7981,31771,1
7981,26796,1
7981,29426,9
7981,35523,5
7981,13671,1
7981,28228,3
7981,24531,2
7981,37964,2
7981,41144,2
7981,35429,3
7981,22628,1
7981,35485,1
7981,17196,4
7981,35838,1
7981,34687,2
7981,29427,3
7981,30375,1
7981,31722,3
7981,23206,1
7981,31709,5
7981,14655,1
7981,29430,3
7981,31127,3
7981,35517,1
7981,8910,2
7981,31718,5
7981,38285,1
7981,15199,2
7981,24090,1
7981,40669,1
7981,38298,1
7981,22096,2
7981,18463,1
7981,21739,1
7981,25601,1
7981,31714,5
7982,20983,7
7982,26621,1
7982,26629,1
7982,12544,2
7982,11758,1
7982,40444,1
7982,17900,2
7982,24817,1
7982,25703,1
7982,12452,13
7982,18107,2
7982,18007,2
7982,29093,1
7982,21177,1
7982,21302,1
7982,20304,3
7982,22341,2
7982,14949,1
7982,13893,4
7982,17585,2
7982,18152,1
7982,14705,2
7982,21331,1
7982,19462,1
7982,9943,10
7982,28435,1
7982,21792,1
7982,13684,15
7982,11652,2
7982,14174,8
7982,22621,1
7982,24650,1
7982,23309,2
7982,16571,1
7982,13359,19
7982,20641,6
7982,22591,2
7982,19798,2
7982,27613,2
7982,13618,2
7983,21742,3
7983,11852,1
7983,18322,2
7983,17119,3
7983,30405,2
7983,28900,1
7983,22293,2
7983,12466,3
7983,28596,1
7983,14636,2
7983,18116,1
7983,43976,1
7983,16315,10
7983,31105,1
7983,39492,1
7983,25720,1
7983,14479,1
7983,26076,2
7983,29317,2
7983,31546,1
7983,18104,2
7983,22503,1
7983,18864,1
7983,38745,2
7983,40923,1
7983,11951,1
7983,32768,2
7983,33661,1
7983,38108,2
7983,13869,2
7983,20046,1
7983,21876,1
7983,33681,1
7983,47546,1
7983,15618,1
7983,37305,1
7983,40720,1
7983,10010,1
7983,15649,6
7983,11882,1
7984,14139,1
7984,18192,3
7984,16122,1
7984,20559,2
7984,34697,1
7984,39778,1
7984,11670,2
7984,15077,3
7984,17602,7
7984,19938,1
7984,15642,4
7984,25870,3
7984,21302,1
7984,34199,1
7984,21423,1
7984,14510,1
7984,51223,1
7984,10756,1
7984,37457,1
7984,21838,2
7984,29848,1
7984,21875,1
7984,22704,1
7984,19712,1
7984,15668,1
7984,12431,10
7984,45041,1
7984,18800,1
7984,18450,1
7984,32845,1
7984,42819,1
7984,27307,1
7984,13426,2
7984,17327,1
7984,29991,1
7984,13866,2
7984,23306,1
7984,15649,2
7984,10748,1
7984,13074,10
7985,17715,1
7985,43152,1
7985,43599,1
7985,17714,1
7985,19058,1
7985,45682,1
7985,19057,1
7985,49288,1
7986,16622,4
7986,17192,1
7986,22184,1
7986,24723,1
7986,19894,1
7986,17612,6
7986,49314,1
7986,24901,2
7986,22168,2
7986,13708,8
7986,41294,1
7986,12456,3
7986,18279,1
7986,22925,1
7986,33138,1
7986,16880,1
7986,18191,1
7986,33430,1
7986,29847,1
7986,25077,1
7986,16575,1
7986,46807,1
7986,19383,1
7986,15560,1
7986,17492,2
7986,35443,1
7986,14994,1
7986,17819,2
7986,8571,2
7986,38508,1
7986,14531,2
7986,22096,2
7986,9765,2
7986,46446,1
7986,35865,2
7986,20999,2
7986,33417,3
7986,24048,1
7986,24609,1
7986,24853,1
7987,38263,1
7987,20678,1
7987,25717,4
7987,10602,6
7987,29076,1
7987,22539,1
7987,41593,1
7987,47065,1
7987,33913,1
7987,17855,1
7987,21206,1
7987,32273,1
7987,23026,4
7987,34469,1
7987,21177,1
7987,23231,2
7987,17254,1
7987,26987,1
7987,26985,1
7987,25791,2
7987,29603,1
7987,57508,1
7987,26429,1
7987,30563,2
7987,31526,1
7987,35020,2
7987,25791,2
7987,23028,2
7987,24220,3
7987,18228,1
7987,39665,1
7987,31825,1
7987,21894,1
7987,32047,7
7987,35596,1
7987,26422,1
7987,29837,1
7987,20327,1
7987,34697,2
7987,26423,1
7988,8755,1
7988,8831,1
7988,10978,1
7988,43575,1
7988,44314,1
7988,28940,1
7988,8959,1
7988,25892,1
7988,18830,3
7988,43001,1
7988,40690,1
7988,55073,1
7988,25592,1
7988,19175,1
7988,9035,2
7988,50049,1
7988,25454,1
7988,30373,3
7988,31427,3
7988,20942,3
7988,16970,1
7988,30916,1
7988,44187,1
7988,8835,2
7988,11076,1
7988,21051,2
7988,31666,1
7988,8833,1
7988,14548,1
7988,29989,1
7988,25872,3
7988,16127,1
7988,37817,1
7988,21998,1
7988,16310,3
7988,29647,1
7988,19282,1
7988,29642,2
7988,18827,1
7988,8751,2
7989,19833,1
7989,13391,1
7989,20980,1
7989,18155,1
7989,13815,1
7989,19810,1
7989,40278,1
7989,21298,1
7989,47251,1
7989,19428,2
7989,21515,1
7989,13852,1
7989,54677,1
7989,14474,1
7989,18810,1
7989,14534,1
7989,19439,1
7989,12435,1
7989,25893,1
7989,17592,1
7989,29250,1
7989,21132,1
7989,29685,1
7989,12776,1
7989,12767,1
7989,19429,1
7989,19428,2
7989,20984,3
7989,19442,1
7989,24869,2
7989,42371,1
7989,24682,1
7989,15768,1
7989,14725,3
7989,21548,1
7989,14491,2
7989,17205,1
7989,12852,1
7989,21527,1
7989,44665,1
7990,18464,2
7990,17666,2
7990,16359,1
7990,19188,1
7990,18613,1
7990,40932,1
7990,23808,1
7990,21010,1
7990,56073,1
7990,18564,1
7990,13632,1
7990,55309,1
7990,48650,1
7990,21596,2
7990,23804,2
7990,18816,5
7990,32155,1
7990,17626,2
7990,15760,2
7990,18660,1
7990,22053,1
7990,11126,1
7990,20432,1
7990,40406,1
7990,18381,2
7990,13714,1
7990,17727,1
7990,21593,1
7990,22586,1
7990,15755,3
7990,24531,1
7990,9240,1
7990,29925,1
7990,55086,1
7990,18816,5
7990,39392,1
7990,32173,1
7990,18656,1
7990,17665,1
7990,32153,1
7991,13870,3
7991,26167,1
7991,26915,11
7991,11854,5
7991,11880,7
7991,20292,1
7991,26832,4
7991,16919,8
7991,25420,11
7991,43179,6
7991,26800,5
7991,31840,5
7991,26816,21
7991,27309,3
7991,16755,4
7991,41729,1
7991,27021,3
7991,26915,11
7991,39392,9
7991,23015,5
7991,26418,13
7991,30319,12
7991,33666,15
7991,37942,5
7991,40177,11
7991,41639,2
7991,11932,2
7991,35216,1
7991,9423,2
7991,20055,5
7991,45261,2
7991,26902,4
7991,31883,1
7991,12570,4
7991,39919,4
7991,16704,2
7991,24766,11
7991,20677,2
7991,27434,8
7991,43881,1
7992,43794,1
7992,53875,1
7992,18699,1
7992,22532,1
7992,29080,3
7992,49438,1
7992,28064,1
7992,32603,1
7992,32453,1
7992,57700,1
7992,16549,1
7992,24657,1
7992,56740,1
7992,15111,1
7992,40403,1
7992,59735,1
7992,46753,1
7992,53693,1
7992,17140,1
7992,22748,1
7992,31427,1
7992,48527,1
7992,22534,1
7992,26429,1
7992,21944,1
7992,28696,1
7992,28536,1
7992,27486,1
7992,20259,1
7992,46982,1
7992,26993,1
7992,38939,1
7992,45383,1
7992,18087,1
7992,21017,1
7992,28694,1
7992,37967,1
7992,21809,1
7992,16426,1
7992,26037,1
7993,17572,7
7993,29366,1
7993,24530,2
7993,26035,1
7993,25126,2
7993,15679,1
7993,42574,1
7993,20556,4
7993,20231,10
7993,16405,3
7993,12739,4
7993,13359,2
7993,13862,2
7993,38567,2
7993,14169,1
7993,20178,1
7993,27419,1
7993,10744,5
7993,16283,1
7993,18290,2
7993,33866,1
7993,27376,1
7993,21513,3
7993,24325,2
7993,13467,1
7993,29865,1
7993,12743,4
7993,22055,1
7993,22611,2
7993,24918,1
7993,8551,9
7993,26367,1
7993,19945,3
7993,25420,2
7993,12446,5
7993,21980,1
7993,16554,3
7993,25123,2
7993,20641,1
7993,19436,4
7994,36471,2
7994,44904,1
7994,19661,2
7994,43336,2
7994,56257,1
7994,30643,1
7994,25964,2
7994,31448,1
7994,44903,3
7994,17985,2
7994,24456,1
7995,21596,2
7995,11114,2
7995,11848,1
7995,17471,1
7995,15146,1
7995,20290,1
7995,23050,1
7995,38108,1
7995,42247,1
7995,41523,1
7995,39837,1
7995,15673,1
7995,12676,1
7995,26325,1
7995,24892,2
7995,8907,1
7995,13666,1
7995,42634,1
7995,9428,2
7995,22621,2
7995,26999,1
7995,16637,1
7995,62716,1
7995,38882,1
7995,15263,1
7995,19621,1
7995,20059,1
7995,33409,1
7995,13906,1
7995,20588,1
7995,54477,1
7995,18502,1
7995,20418,1
7995,24630,2
7995,14316,2
7995,27041,1
7995,30511,1
7995,16318,2
7995,33114,1
7995,11507,1
7996,11455,3
7996,44929,1
7996,10589,3
7996,10561,1
7996,29228,3
7996,48899,1
7996,42836,2
7996,38541,4
7996,47967,1
7996,27447,2
7996,15042,1
7996,17482,1
7996,50921,3
7996,38845,1
7996,11476,1
7996,13436,1
7996,22414,1
7996,11117,1
7996,42219,1
7996,18708,1
7996,53442,1
7996,38550,1
7996,46794,1
7996,9631,1
7996,46740,1
7996,42159,2
7996,21525,1
7996,9642,1
7996,46581,1
7996,18242,1
7996,13646,2
7996,9926,1
7996,9609,2
7996,18852,2
7996,53279,1
7996,9625,1
7996,23291,2
7996,17582,3
7996,50567,1
7996,51591,1
7997,12135,2
7997,12141,2
7997,12136,3
7997,14428,1
7997,12131,3
7997,12141,2
7997,18486,1
7997,12139,4
7997,12137,2
7997,14431,1
7997,12136,3
7997,38681,1
7997,14426,1
7997,12135,2
7997,12131,3
7997,14430,1
7997,14427,1
7997,12139,4
7997,12140,1
7997,12138,1
7997,14429,1
7997,12133,2
7997,14432,1
7997,12139,4
7997,12142,1
7998,8003,4
7998,13994,3
7998,25462,2
7998,25412,1
7998,15613,1
7998,24918,2
7998,17454,1
7998,35089,2
7998,12709,6
7998,18151,1
7998,29844,1
7998,17205,1
7998,20288,2
7998,32392,1
7998,17411,1
7998,21083,1
7998,21087,2
7998,16013,1
7998,19786,2
7998,26159,1
7998,27611,2
7998,18502,1
7998,27331,2
7998,37979,1
7998,8914,4
7998,11857,4
7998,20141,2
7998,29880,2
7998,25712,1
7998,24510,1
7998,48596,1
7998,22204,3
7998,30527,2
7998,17174,6
7998,26793,1
7998,19436,2
7998,16330,1
7998,24608,1
7998,14521,10
7998,18722,2
7999,17586,8
7999,8905,3
7999,17452,4
7999,17452,4
7999,21999,1
7999,12450,1
7999,13359,2
7999,61619,2
7999,12835,1
7999,47932,1
7999,22058,1
7999,12641,5
7999,12671,1
7999,26739,1
7999,13861,1
7999,29061,1
7999,13684,5
7999,37416,1
7999,32499,1
7999,29073,1
7999,12818,2
7999,23257,2
7999,20979,1
7999,13684,5
7999,46546,1
7999,21893,1
7999,12293,1
7999,16875,1
7999,26741,1
7999,17456,1
7999,26821,1
7999,26745,1
7999,14607,1
7999,12556,1
7999,14842,1
7999,23206,1
7999,21080,3
7999,12763,3
7999,15793,1
7999,18951,1
8000,17623,2
8000,18817,3
8000,18817,3
8000,45117,1
8000,23165,1
8000,19930,1
8000,23761,1
8000,8916,1
8000,46246,1
8000,23765,1
8000,23760,1
8000,18039,2
8000,23762,1
8000,23766,1
8000,23764,1
8000,44810,1
8000,17448,1
8000,22523,1
8000,8512,2
8000,17802,4
8000,14526,1
8000,23763,1
8000,23309,1
8001,16560,7
8001,26915,27
8001,8922,30
8001,25421,18
8001,27611,12
8001,24768,1
8001,36985,24
8001,21945,1
8001,41358,1
8001,35018,21
8001,56449,1
8001,38567,15
8001,34725,1
8001,18657,13
8001,27241,26
8001,41897,10
8001,17549,1
8001,24918,16
8001,20073,18
8001,21261,21
8001,40971,9
8001,27608,1
8001,36985,24
8001,24533,43
8001,31851,30
8001,43106,1
8001,32217,26
8001,44032,9
8001,47071,2
8001,23696,4
8001,22612,28
8001,22901,11
8001,8948,3
8001,35340,2
8001,24533,43
8001,21367,9
8001,39710,1
8001,15685,2
8001,26642,6
8001,27945,1
8002,34199,2
8002,17428,1
8002,19844,2
8002,19750,2
8002,19430,3
8002,19436,3
8002,21447,1
8002,12809,2
8002,30861,2
8002,19266,1
8002,18904,1
8002,48139,1
8002,26247,1
8002,22632,1
8002,19359,1
8002,39037,1
8002,43503,1
8002,49316,1
8002,46272,1
8002,25439,1
8002,36517,1
8002,32263,1
8002,49711,1
8002,11417,1
8002,13711,1
8002,40158,1
8002,8065,1
8002,24777,9
8002,40841,1
8002,19847,1
8002,21694,2
8002,11601,3
8002,15074,3
8002,37501,1
8002,41447,1
8002,12670,1
8002,41448,1
8002,22630,4
8002,22026,1
8002,19712,8
8003,11216,2
8003,26599,1
8003,35828,1
8003,12428,1
8003,14616,2
8003,8517,1
8003,18903,1
8003,12648,1
8003,11383,1
8003,13617,1
8003,14619,2
8003,10581,1
8003,8515,5
8003,30511,1
8003,41092,1
8003,21742,1
8003,30595,1
8003,56495,1
8003,31094,1
8003,17263,1
8003,24643,1
8003,11520,1
8003,14531,1
8003,12438,2
8003,44814,1
8003,14547,1
8003,37417,1
8003,14617,1
8003,21080,1
8003,18951,1
8003,15447,1
8003,13103,1
8003,14541,1
8003,32227,1
8003,9758,2
8003,13618,1
8003,30143,1
8003,50325,1
8003,14310,3
8003,30208,1
8004,16651,1
8004,12262,1
8004,13872,3
8004,12867,4
8004,14619,16
8004,24628,2
8004,17603,1
8004,12775,1
8004,21522,2
8004,12464,3
8004,12488,7
8004,12558,3
8004,21845,1
8004,17568,1
8004,13917,2
8004,34341,1
8004,11037,1
8004,12443,11
8004,12635,5
8004,26673,1
8004,18147,1
8004,15777,2
8004,20305,2
8004,13110,2
8004,12856,6
8004,16751,2
8004,22993,2
8004,9601,1
8004,12852,2
8004,15035,20
8004,16282,1
8004,13741,3
8004,22606,6
8004,21425,4
8004,54958,1
8004,13569,1
8004,9373,3
8004,14993,8
8004,12867,4
8004,25989,1
8005,36257,2
8005,14185,3
8005,13996,1
8005,14185,3
8005,14184,2
8005,14184,2
8005,27765,3
8005,27765,3
8005,27765,3
8005,36257,2
8005,8337,1
8005,55782,1
8005,14185,3
8006,13996,1
8006,36257,3
8006,14184,2
8006,14185,4
8006,36257,3
8006,14185,4
8006,8337,1
8006,55782,1
8006,14184,2
8006,36257,3
8006,14185,4
8007,34637,1
8007,14186,1
8007,13997,1
8007,29203,1
8007,55782,1
8007,24581,1
8007,44247,1
8008,56540,1
8008,12127,1
8008,18805,1
8008,8340,1
8008,24581,1
8008,27765,3
8008,19237,1
8008,14184,2
8008,19258,1
8008,13997,1
8008,27765,3
8008,11205,1
8008,36257,2
8008,10593,1
8008,13996,1
8008,13998,1
8008,44246,1
8008,43195,1
8008,11436,1
8008,8987,1
8008,29203,1
8008,36257,2
8008,17339,1
8008,11184,1
8008,55782,1
8008,51455,1
8008,10397,1
8009,14186,1
8009,59833,1
8010,37199,1
8010,41794,2
8010,15452,1
8010,39959,1
8010,42023,1
8010,39716,1
8010,49525,1
8010,38682,1
8010,39721,1
8010,39837,1
8010,34933,1
8010,10040,3
8010,38033,1
8010,11191,1
8010,10041,1
8010,40557,1
8010,42022,1
8010,38995,1
8011,39027,1
8011,44257,1
8011,43360,1
8011,26005,1
8011,12476,2
8011,9014,2
8011,19906,1
8011,17675,2
8011,33513,1
8011,27325,1
8011,33085,1
8011,21826,1
8011,24960,1
8011,32238,1
8011,38449,2
8011,23793,1
8011,18481,2
8011,38380,2
8011,32248,1
8011,37964,1
8011,11175,1
8011,17934,1
8011,32242,1
8011,10397,2
8011,35522,1
8011,28528,2
8011,35523,2
8011,9505,1
8011,17809,7
8011,40775,1
8011,14755,2
8011,15370,1
8011,19890,1
8011,37949,1
8011,40670,1
8011,19900,1
8011,17810,5
8011,32660,1
8011,17952,2
8011,22736,1
8012,58256,1
8012,53341,2
8012,38285,1
8012,47567,1
8012,16726,1
8012,41036,1
8012,19245,3
8012,34229,1
8012,28942,1
8012,36118,1
8012,22068,2
8012,33042,1
8012,40490,1
8012,54040,1
8012,43067,1
8012,13452,1
8012,18004,1
8012,46203,1
8012,17486,1
8012,44257,2
8012,43083,1
8012,28947,1
8012,24317,1
8012,45608,1
8012,18852,1
8012,15499,1
8012,18063,1
8012,11445,1
8012,49662,1
8012,38705,1
8012,40357,4
8012,26810,1
8012,14491,1
8012,15082,1
8012,34057,1
8012,11765,1
8012,24316,1
8012,31081,2
8012,29737,1
8012,18072,1
8013,25769,4
8013,44745,3
8013,18397,15
8013,31300,16
8013,38544,2
8013,37618,1
8013,46385,5
8013,11335,9
8013,31568,1
8013,17553,7
8013,19258,23
8013,19655,17
8013,25134,1
8013,38718,3
8013,49963,1
8013,24713,13
8013,44740,4
8013,12375,10
8013,30168,3
8013,26449,3
8013,38577,9
8013,17545,8
8013,31350,1
8013,28180,11
8013,38035,21
8013,15476,2
8013,38731,11
8013,42968,1
8013,43753,1
8013,11350,5
8013,47291,2
8013,42978,1
8013,53077,1
8013,14850,1
8013,11367,40
8013,21060,1
8013,52662,2
8013,18398,38
8013,27616,8
8013,24718,26
8014,38682,1
8014,38488,1
8014,36629,1
8014,38545,2
8014,12373,1
8014,49526,1
8014,11700,2
8014,28426,1
8014,37199,1
8014,48160,1
8014,36687,1
8014,63262,1
8014,52384,1
8014,46551,1
8014,25871,1
8014,18909,1
8014,52671,1
8014,55974,1
8014,12730,2
8014,38487,1
8014,15452,3
8014,54190,1
8014,17523,2
8014,20396,1
8014,31383,2
8014,40993,1
8014,53219,1
8014,18852,2
8014,36628,1
8014,16874,1
8014,12193,1
8014,13574,2
8014,11455,1
8014,30242,1
8014,46719,1
8014,54818,1
8014,11454,1
8014,55486,1
8014,37197,1
8014,14823,1
8015,14705,1
8015,18455,1
8015,30700,2
8015,26130,1
8015,42910,1
8015,19426,1
8015,45412,1
8015,23346,1
8015,29413,2
8015,37466,1
8015,50917,1
8015,48596,1
8015,13667,1
8015,37953,1
8015,57598,1
8015,52661,1
8015,19798,1
8015,45156,1
8015,30766,1
8015,15977,1
8015,29322,2
8015,45109,1
8015,51965,1
8015,47624,1
8015,50916,1
8015,21375,1
8015,25375,1
8015,50070,1
8015,51966,1
8015,39194,1
8015,25031,1
8015,41740,1
8015,14327,1
8015,17686,1
8015,37367,1
8015,20067,1
8015,22815,3
8015,25622,1
8015,46799,1
8015,29322,2
8016,17661,2
8016,16034,1
8016,17217,1
8016,21060,1
8016,58089,1
8016,52662,1
8016,13339,1
8016,26815,1
8016,25444,3
8016,52030,1
8016,37290,2
8016,19277,5
8016,11210,2
8016,46553,1
8016,19671,2
8016,19225,6
8016,12545,1
8016,40356,2
8016,16664,2
8016,16028,1
8016,46557,1
8016,40025,1
8016,54221,1
8016,53687,1
8016,38515,2
8016,46356,1
8016,19271,4
8016,30240,2
8016,45872,1
8016,33881,4
8016,48673,1
8016,55412,1
8016,49045,1
8016,43389,1
8016,48761,1
8016,19231,4
8016,31300,3
8016,11195,3
8016,38518,1
8016,41469,1
8017,19612,3
8017,41694,1
8017,18570,1
8017,38577,4
8017,51079,1
8017,18568,1
8017,18564,2
8017,44987,1
8017,53567,1
8017,30912,2
8017,26441,1
8017,21555,5
8017,56885,1
8017,49282,3
8017,13904,1
8017,18569,1
8017,38796,1
8017,16187,1
8017,51304,3
8017,10324,5
8017,10321,6
8017,54724,1
8017,43754,1
8017,54850,1
8017,9487,1
8017,45413,1
8017,48201,1
8017,55494,1
8017,8377,1
8017,11449,1
8017,38577,4
8017,45146,2
8017,55673,1
8017,19811,2
8017,51304,3
8017,51304,3
8017,53566,1
8017,19225,1
8017,10325,6
8017,53344,2
8018,39073,1
8018,50498,1
8018,13451,1
8018,20632,1
8018,9112,1
8018,61546,1
8018,48231,1
8018,50497,1
8018,17191,1
8018,19600,2
8018,12100,2
8018,50499,1
8018,17718,2
8018,12100,2
8018,20502,1
8018,38741,1
8018,48230,1
8018,17718,2
8018,19600,2
8019,50497,1
8019,20502,2
8019,22026,1
8019,46597,1
8019,20632,1
8019,33392,1
8019,39073,1
8019,17191,1
8019,59945,1
8019,50498,1
8019,50499,1
8019,28541,1
8019,20680,1
8019,13451,2
8019,23426,1
8019,50155,1
8019,20502,2
8019,28118,1
8019,40782,1
8019,57447,1
8019,38741,1
8019,26811,1
8019,9112,1
8019,55017,1
8020,10431,1
8020,15076,3
8020,15077,2
8020,36380,2
8020,10198,1
8020,21591,5
8020,9472,1
8020,12519,1
8020,13756,3
8020,15768,2
8020,21444,3
8020,29757,1
8020,19622,1
8020,17466,1
8020,31643,2
8020,20450,2
8020,49537,1
8020,18552,2
8020,18005,1
8020,30279,1
8020,9613,1
8020,19888,2
8020,14552,1
8020,9988,3
8020,31427,1
8020,46215,1
8020,22067,4
8020,22411,1
8020,47563,1
8020,39061,1
8020,8265,3
8020,14328,1
8020,50963,1
8020,21826,1
8020,30262,2
8020,37506,1
8020,31699,1
8020,14373,1
8020,22091,1
8020,10438,2
8021,25703,1
8021,23011,1
8021,51355,1
8021,32033,1
8021,14554,1
8021,30749,1
8021,40101,1
8021,14563,2
8021,21837,1
8021,35061,1
8021,24777,1
8021,22075,1
8021,26133,1
8021,20938,1
8021,23984,1
8021,21966,1
8021,14127,1
8021,18933,1
8021,21878,1
8021,10407,1
8021,12525,1
8021,8048,2
8021,19425,2
8021,10605,1
8021,10194,1
8021,9624,1
8021,9642,1
8021,20906,1
8021,22630,1
8021,34229,1
8021,11375,1
8021,18052,2
8021,16839,1
8021,14617,1
8021,9556,1
8021,9561,1
8021,19843,1
8021,34318,1
8021,43599,1
8021,30534,1
8022,18416,3
8022,24385,1
8022,17289,2
8022,18174,1
8022,21990,1
8022,8835,1
8022,20931,1
8022,17668,3
8022,23291,2
8022,13851,1
8022,40107,2
8022,10119,1
8022,16227,1
8022,20187,1
8022,25617,1
8022,10940,1
8022,20588,1
8022,29993,1
8022,18830,1
8022,21838,1
8022,29992,1
8022,15698,1
8022,22030,1
8022,23294,1
8022,18832,1
8022,24430,1
8022,20220,1
8022,23053,1
8022,21455,1
8022,20218,1
8022,21398,4
8022,29873,1
8022,15039,2
8022,21840,1
8022,20943,1
8022,21072,1
8022,18708,1
8022,18064,1
8022,15443,2
8022,8739,1
8023,15614,3
8023,19810,2
8023,19262,1
8023,49525,1
8023,15077,2
8023,12720,2
8023,19436,3
8023,38934,1
8023,18296,3
8023,14557,3
8023,15204,1
8023,16906,1
8023,14547,2
8023,10607,3
8023,21850,2
8023,22945,2
8023,18795,1
8023,19744,6
8023,23735,1
8023,27350,2
8023,19447,2
8023,23226,1
8023,43089,1
8023,21713,1
8023,23636,1
8023,8063,4
8023,18792,2
8023,19785,5
8023,27056,1
8023,13442,2
8023,15120,3
8023,23825,2
8023,44936,1
8023,39053,2
8023,26130,1
8023,23622,1
8023,18693,4
8023,21843,1
8023,29708,1
8023,15124,7
8024,13436,1
8024,29844,1
8024,13975,1
8024,31336,1
8024,38401,1
8024,17231,4
8024,8989,1
8024,22576,1
8024,26715,1
8024,8812,1
8024,21462,1
8024,45079,1
8024,19435,1
8024,55644,1
8024,23272,2
8024,23923,2
8024,41742,1
8024,36380,2
8024,37819,1
8024,26226,1
8024,10637,5
8024,45080,1
8024,22115,1
8024,50091,2
8024,51624,1
8024,8806,1
8024,8358,1
8024,28302,1
8024,17036,1
8024,33408,1
8024,22102,1
8024,18481,4
8024,31342,1
8024,24113,1
8024,19436,1
8024,23480,2
8024,8784,1
8024,15476,1
8024,32748,1
8024,51997,1
8025,29775,1
8025,11965,1
8025,20590,1
8025,24609,1
8025,19309,1
8025,15614,8
8025,18448,6
8025,13380,1
8025,19970,2
8025,44634,1
8025,18463,2
8025,26051,1
8025,9988,12
8025,22230,1
8025,34203,1
8025,9369,1
8025,24268,1
8025,13618,3
8025,9949,2
8025,34202,1
8025,9370,4
8025,19850,1
8025,14561,9
8025,14552,3
8025,17584,1
8025,15122,1
8025,12859,2
8025,20225,1
8025,18903,6
8025,18450,4
8025,49849,1
8025,14546,4
8025,17366,2
8025,15077,1
8025,24380,1
8025,9389,7
8025,9423,2
8025,14563,4
8025,17035,2
8025,13767,1
8026,14042,2
8026,50470,2
8026,47113,2
8026,52701,1
8026,57412,1
8026,38280,1
8026,63263,1
8026,9655,1
8026,37412,2
8026,47836,1
8026,26698,1
8026,49840,1
8026,13547,1
8026,13846,2
8026,14603,1
8026,18012,1
8026,20619,1
8026,28541,1
8026,13670,1
8026,16764,5
8026,12944,1
8026,47934,1
8026,39067,1
8026,33518,1
8026,12947,3
8026,14039,2
8026,40853,3
8026,17437,1
8026,37130,5
8026,10753,2
8026,22055,1
8026,33121,1
8026,37794,1
8026,40853,3
8026,18515,1
8026,12936,3
8026,8392,3
8026,40028,1
8026,12831,2
8026,13836,2
8027,40191,1
8027,35864,1
8027,27665,1
8027,16622,1
8027,16501,1
8027,21721,1
8027,16405,1
8027,13052,1
8027,16497,1
8027,17892,1
8027,12746,1
8027,47694,1
8027,16627,1
8027,13053,1
8027,24704,1
8027,10777,1
8027,16623,1
8028,10995,3
8028,17717,3
8028,23845,10
8028,45114,3
8028,22938,1
8028,22808,1
8028,32029,1
8028,16651,1
8028,22932,1
8028,25123,1
8028,26156,1
8028,31641,1
8028,23636,3
8028,17945,1
8028,13577,1
8028,18438,1
8028,37688,1
8028,24798,1
8028,53538,1
8028,23735,3
8028,11466,3
8028,20987,1
8028,31139,1
8028,14724,1
8028,46628,1
8028,36162,1
8028,12741,1
8028,14611,1
8028,26583,1
8028,51572,1
8028,44288,1
8028,20590,1
8028,18730,5
8028,21062,2
8028,10753,1
8028,47700,1
8028,49091,1
8028,26227,1
8028,18552,1
8028,19432,4
8029,19445,6
8029,23671,1
8029,15122,1
8029,18450,7
8029,37441,1
8029,18442,2
8029,23919,1
8029,31835,2
8029,21248,1
8029,18903,5
8029,17116,1
8029,19430,4
8029,21014,1
8029,12438,7
8029,21455,2
8029,18610,3
8029,18457,1
8029,26131,1
8029,26245,1
8029,22651,1
8029,21878,1
8029,21824,1
8029,21071,1
8029,18387,1
8029,10605,10
8029,24708,1
8029,21821,4
8029,19440,7
8029,20981,1
8029,13037,1
8029,25037,1
8029,12752,2
8029,15004,2
8029,18610,3
8029,12112,7
8029,19449,2
8029,15997,1
8029,9997,3
8029,17803,1
8029,17474,1
8030,22211,1
8030,23208,1
8030,24853,1
8030,12048,1
8030,31351,1
8030,21246,1
8030,15777,1
8030,18904,1
8030,30861,1
8030,52097,1
8030,40156,2
8030,18057,1
8030,29385,1
8030,30739,5
8030,49732,1
8030,19887,1
8030,19849,1
8030,48690,1
8030,10994,1
8030,49728,1
8030,19640,2
8030,29079,1
8030,20455,2
8030,23296,1
8030,44333,1
8030,12242,1
8030,63181,1
8030,19714,1
8030,28361,1
8030,12752,2
8030,19798,1
8030,18615,1
8030,33182,1
8030,37819,1
8030,21378,1
8030,31329,1
8030,19850,2
8030,24506,1
8030,17413,1
8030,36517,1
8031,13536,3
8031,37500,1
8031,22959,5
8031,22812,3
8031,18613,1
8031,23853,1
8031,52231,1
8031,9594,1
8031,21342,4
8031,18073,1
8031,34354,1
8031,23783,1
8031,23867,1
8031,13446,1
8031,26607,1
8031,14031,4
8031,29800,1
8031,30801,1
8031,21837,6
8031,44255,2
8031,18291,1
8031,18621,1
8031,13756,1
8031,18052,3
8031,18312,5
8031,24007,1
8031,31581,1
8031,8800,1
8031,25703,1
8031,9607,1
8031,19435,2
8031,21298,1
8031,20193,1
8031,22091,2
8031,11375,1
8031,23620,1
8031,39322,1
8031,12229,4
8031,23602,1
8031,17862,1
8032,23919,1
8032,12793,1
8032,19741,3
8032,15809,1
8032,15625,3
8032,12495,1
8032,18002,2
8032,21854,3
8032,39055,1
8032,17834,1
8032,15624,1
8032,12755,1
8032,16435,3
8032,23226,1
8032,17385,1
8032,21158,1
8032,15886,1
8032,23630,3
8032,24958,1
8032,13452,1
8032,21854,3
8032,19836,2
8032,33142,1
8032,21853,3
8032,15625,3
8032,24869,1
8032,12758,1
8032,21837,1
8032,17680,1
8032,21694,3
8032,20511,1
8032,36494,2
8032,19838,1
8032,18854,1
8032,18693,1
8032,18797,1
8032,39053,1
8032,21344,1
8032,19741,3
8032,24866,1
8033,12159,2
8033,24791,1
8033,26913,1
8033,24303,1
8033,29020,1
8033,50157,1
8033,24087,1
8033,22085,1
8033,21905,1
8033,18564,1
8033,35890,1
8033,49498,2
8033,41018,1
8033,11965,1
8033,18755,1
8033,12907,1
8033,21839,2
8033,30909,1
8033,61490,1
8033,22492,1
8033,21229,1
8033,23012,1
8033,21891,1
8033,22248,1
8033,9389,3
8033,24559,1
8033,23132,1
8033,22168,1
8033,17168,5
8033,23225,2
8033,21592,2
8033,21895,1
8033,24853,2
8033,16014,3
8033,9613,1
8033,62610,1
8033,10447,1
8033,33119,1
8033,50988,1
8033,20553,2
8034,24280,1
8034,15642,1
8034,9775,1
8034,9587,1
8034,8063,5
8034,15934,1
8034,14469,2
8034,25788,1
8034,45116,1
8034,30876,1
8034,19843,1
8034,13426,1
8034,37418,1
8034,37456,1
8034,23650,1
8034,62635,1
8034,18613,1
8034,13358,1
8034,23610,1
8034,25625,1
8034,18424,1
8034,23651,1
8034,33218,1
8034,29800,3
8034,25308,1
8034,21300,1
8034,57816,1
8034,20055,1
8034,18227,1
8034,37474,1
8034,37523,1
8034,13975,1
8034,19791,1
8034,28143,1
8034,17352,1
8034,13993,2
8034,23181,4
8034,12524,2
8034,25006,1
8034,18031,1
8035,9566,14
8035,22972,1
8035,19179,1
8035,13392,1
8035,21899,1
8035,47523,1
8035,27694,1
8035,21844,4
8035,20999,2
8035,22085,1
8035,29647,1
8035,29483,1
8035,18163,7
8035,21898,6
8035,23621,1
8035,18801,1
8035,21900,5
8035,13737,2
8035,44006,1
8035,20750,1
8035,21507,1
8035,29622,1
8035,28022,1
8035,16722,1
8035,25713,1
8035,34199,5
8035,21893,4
8035,13402,1
8035,13912,1
8035,32464,1
8035,13936,1
8035,20554,2
8035,20559,1
8035,19426,10
8035,15040,1
8035,22128,1
8035,22683,1
8035,16622,1
8035,25066,3
8035,16719,2
8036,48693,1
8036,12126,1
8036,29859,1
8036,52096,1
8036,16223,2
8036,53914,1
8036,21940,1
8036,20696,1
8036,48598,1
8036,15750,1
8036,22162,1
8036,53522,1
8036,18003,1
8036,12119,1
8036,52423,1
8036,30044,1
8036,28958,1
8036,27003,2
8036,41157,1
8036,40585,1
8036,17386,1
8036,53033,1
8036,11286,1
8036,44682,1
8036,17694,1
8036,12729,1
8036,24040,1
8036,37522,1
8036,28961,1
8036,10798,5
8036,15948,1
8036,19844,1
8036,40033,1
8036,25441,1
8036,18452,1
8036,37829,1
8036,16305,1
8036,39198,1
8036,18785,1
8036,27003,2
8037,20099,1
8037,47078,2
8037,18801,1
8037,58699,1
8037,28291,3
8037,21853,1
8037,43073,1
8037,44955,1
8037,48412,1
8037,36380,3
8037,28294,3
8037,25616,1
8037,24035,1
8037,23676,4
8037,34491,1
8037,42891,1
8037,36713,1
8037,44511,2
8037,28222,1
8037,23676,4
8037,33682,1
8037,33408,4
8037,20444,1
8037,39796,2
8037,18620,2
8037,25159,6
8037,20552,1
8037,28291,3
8037,29021,1
8037,22969,1
8037,21764,1
8037,24105,1
8037,56803,1
8037,12897,1
8037,33780,2
8037,29234,2
8037,48411,1
8037,33179,1
8037,27955,6
8037,33778,4
8038,19525,1
8038,57554,1
8038,10605,3
8038,41519,1
8038,39054,3
8038,44002,1
8038,18826,1
8038,21754,3
8038,13869,2
8038,59567,1
8038,24869,1
8038,12437,1
8038,14296,4
8038,34318,1
8038,28533,1
8038,13730,1
8038,14521,2
8038,19440,1
8038,24254,2
8038,18174,1
8038,9956,1
8038,12946,1
8038,47536,1
8038,26738,1
8038,23523,2
8038,9948,3
8038,18915,1
8038,58643,1
8038,15886,4
8038,24504,2
8038,13358,1
8038,15621,1
8038,13892,1
8038,47694,1
8038,14384,1
8038,22999,2
8038,47647,1
8038,19431,3
8038,14533,1
8038,8048,5
8039,15042,1
8039,33947,1
8039,41184,1
8039,45319,1
8039,54795,1
8039,33518,1
8039,52054,1
8039,38745,1
8039,35179,1
8039,8102,2
8039,41188,1
8039,21837,1
8039,38383,1
8039,29887,1
8039,9960,1
8039,11690,1
8039,25628,1
8039,45325,1
8039,22900,1
8039,13767,2
8039,9273,3
8039,13756,1
8039,24108,1
8039,24185,1
8039,33868,1
8039,24186,1
8039,24603,3
8039,25703,1
8039,24603,3
8039,24190,1
8039,18860,3
8039,21591,4
8039,8048,4
8039,45323,1
8039,29317,1
8039,45318,1
8039,8046,4
8039,38349,1
8039,9944,1
8039,9945,1
8040,18552,2
8040,40040,1
8040,14657,1
8040,37397,1
8040,18052,2
8040,11082,1
8040,15621,2
8040,24548,1
8040,8776,1
8040,9945,1
8040,17874,1
8040,28574,1
8040,21518,1
8040,22621,1
8040,14533,1
8040,9938,1
8040,14651,1
8040,26420,1
8040,38284,1
8040,23204,1
8040,14842,2
8040,23681,1
8040,21424,1
8040,24592,2
8040,56486,1
8040,20183,1
8040,26261,3
8040,13688,1
8040,25702,2
8040,11089,1
8040,22539,1
8040,48352,1
8040,15124,1
8040,37953,1
8040,32269,1
8040,26236,1
8040,44496,2
8040,50963,1
8040,46667,1
8040,16271,1
8041,28946,4
8041,29727,1
8041,27869,1
8041,19068,1
8041,36731,1
8041,29210,2
8041,10088,2
8041,10065,1
8041,11113,2
8041,18895,2
8041,23485,6
8041,25952,1
8041,18877,2
8041,25159,5
8041,19077,1
8041,31581,4
8041,56405,1
8041,31794,1
8041,24224,1
8041,31304,1
8041,18365,1
8041,9090,1
8041,10092,2
8041,18897,2
8041,23485,6
8041,42891,1
8041,30393,1
8041,19084,1
8041,35435,3
8041,59410,1
8041,33777,1
8041,33778,4
8041,23483,3
8041,56944,1
8041,10091,2
8041,11121,1
8041,19085,2
8041,22710,1
8041,31289,1
8041,26665,1
8042,48439,1
8042,20502,1
8042,15077,1
8042,43731,1
8042,23368,1
8042,19703,1
8042,50572,1
8042,19848,7
8042,14069,4
8042,21305,1
8042,36145,1
8042,19843,1
8042,21281,5
8042,17390,1
8042,10965,1
8042,19848,7
8042,19842,2
8042,28597,1
8042,21307,1
8042,24721,1
8042,18610,1
8042,29664,1
8042,16305,5
8042,25440,1
8042,31566,3
8042,24748,1
8042,19849,7
8042,18255,1
8042,24551,2
8042,19887,2
8042,21317,1
8042,18573,1
8042,19841,1
8042,19751,5
8042,32851,1
8042,14133,1
8042,42555,1
8042,21316,1
8042,18806,1
8042,39304,5
8043,58590,1
8043,54251,1
8043,17213,1
8043,26466,1
8043,61140,1
8043,10978,1
8043,21776,2
8043,23692,1
8043,30916,1
8043,11359,2
8043,49865,1
8043,15040,1
8043,46452,1
8043,27348,1
8043,11428,1
8043,15541,1
8043,61120,1
8043,26745,1
8043,11423,1
8043,24882,1
8043,22798,2
8043,26585,1
8043,23364,1
8043,47924,2
8043,22430,1
8043,41760,1
8043,47173,1
8043,26735,1
8043,26739,3
8043,22477,1
8043,16209,1
8043,62565,1
8043,32442,2
8043,25105,1
8043,26731,1
8043,44213,1
8043,18669,3
8043,38286,1
8043,57260,1
8043,22089,1
8044,11706,1
8044,14323,1
8044,24882,2
8044,18397,2
8044,11175,1
8044,18405,1
8044,16347,1
8044,10651,2
8044,20715,1
8044,39948,1
8044,20012,1
8044,38545,1
8044,43575,1
8044,13577,2
8044,21931,1
8044,36645,1
8044,22439,1
8044,61800,1
8044,26136,1
8044,11286,1
8044,29678,1
8044,54251,1
8044,13324,1
8044,9758,1
8044,14346,1
8044,37517,2
8044,38759,1
8044,46452,2
8044,31826,1
8044,24713,1
8044,30390,1
8044,12870,1
8044,14333,5
8044,21394,1
8044,24421,1
8044,13074,1
8044,10593,1
8044,29236,1
8044,40733,1
8044,17442,1
8045,18826,1
8045,23867,1
8045,12159,1
8045,13359,2
8045,34440,1
8045,23409,1
8045,25680,1
8045,15077,4
8045,28603,2
8045,12535,1
8045,13756,1
8045,10446,3
8045,22054,1
8045,56985,1
8045,46799,1
8045,18910,1
8045,47316,1
8045,26816,1
8045,45524,1
8045,48100,1
8045,53663,1
8045,19436,1
8045,8788,1
8045,13536,4
8045,19852,1
8045,23181,1
8045,39493,1
8045,13975,1
8045,10414,1
8045,19809,1
8045,49891,1
8045,54681,1
8045,12518,3
8045,21991,1
8045,41052,1
8045,35912,1
8045,16837,3
8045,14384,1
8045,23802,1
8045,24448,1
8046,17661,1
8046,15615,1
8046,37302,1
8046,39967,1
8046,10463,1
8046,21845,1
8046,9944,1
8046,21854,6
8046,23204,2
8046,43091,1
8046,19330,1
8046,22936,1
8046,23921,1
8046,23867,3
8046,17198,1
8046,20270,1
8046,22750,2
8046,9371,1
8046,46446,2
8046,21839,1
8046,21838,1
8046,17215,2
8046,10438,1
8046,26134,1
8046,15124,1
8046,19741,2
8046,16229,2
8046,21843,1
8046,26432,1
8046,43050,1
8046,9936,1
8046,21846,1
8046,18854,4
8046,43086,1
8046,43424,2
8046,25628,1
8046,20933,2
8046,37837,1
8046,21591,6
8046,24603,4
8047,30047,1
8047,14555,1
8047,22948,1
8047,12231,2
8047,18291,2
8047,18800,2
8047,11319,1
8047,22941,1
8047,17168,2
8047,20647,3
8047,11278,3
8047,12159,2
8047,21845,1
8047,21855,1
8047,22230,3
8047,15120,3
8047,19803,1
8047,19788,3
8047,21844,1
8047,21850,1
8047,17196,1
8047,21841,1
8047,23623,1
8047,24868,1
8047,32103,1
8047,13228,1
8047,21910,1
8047,18296,3
8047,21698,1
8047,19330,1
8047,15124,1
8047,63274,1
8047,9999,4
8047,15617,1
8047,40186,1
8047,17457,3
8047,18294,3
8047,16875,1
8047,14296,6
8047,18693,3
8048,8776,1
8048,37399,1
8048,9964,1
8048,18916,1
8048,9936,1
8048,17874,1
8048,9478,3
8048,40894,1
8048,29839,1
8048,20510,4
8048,42046,1
8048,37388,1
8048,22155,1
8048,23204,1
8048,38673,1
8048,37389,1
8048,24603,4
8048,45119,1
8048,31846,1
8048,14372,1
8048,49517,1
8048,41038,1
8048,48419,1
8048,30917,1
8048,51355,2
8048,14786,1
8048,43915,1
8048,55492,1
8048,8102,1
8048,20978,2
8048,12329,1
8048,13608,1
8048,13756,1
8048,48354,2
8048,42739,1
8048,30054,1
8048,9955,2
8048,28380,1
8048,48354,2
8048,21531,1
8050,51130,1
8050,23784,1
8050,26560,1
8050,19798,1
8050,18903,1
8050,34357,1
8050,34362,1
8050,19803,2
8050,31351,1
8050,22582,1
8050,50963,1
8050,23201,1
8050,23208,2
8050,57854,1
8050,15892,5
8050,18852,1
8050,27916,3
8050,31385,1
8050,20449,1
8050,16773,1
8050,49076,1
8050,21281,3
8050,52019,1
8050,40570,2
8050,49984,1
8050,34360,3
8050,22243,1
8050,46464,1
8050,26555,2
8050,12049,7
8050,14054,2
8050,52095,1
8050,31378,1
8050,43508,2
8050,52849,1
8050,18787,1
8050,16189,1
8050,53346,1
8050,25598,1
8050,18953,1
8051,24532,1
8051,41192,3
8051,23712,2
8051,46499,1
8051,48093,2
8051,34368,1
8051,18069,1
8051,46669,2
8051,41188,2
8051,40165,1
8051,52358,2
8051,45967,1
8051,58929,1
8051,31355,1
8051,57681,1
8051,53693,1
8051,50625,1
8051,51929,2
8051,24686,1
8051,24680,1
8051,18183,1
8051,21516,1
8051,40843,1
8051,21676,1
8051,36091,1
8051,51929,2
8051,26035,1
8051,18064,1
8051,41190,2
8051,24921,2
8051,21423,2
8051,35590,1
8051,46511,2
8051,17876,1
8051,41191,3
8051,41184,2
8051,18512,1
8051,52073,2
8051,22907,2
8051,52358,2
8052,18449,1
8052,12434,1
8052,49738,1
8052,34264,1
8052,39087,1
8052,22618,1
8052,33262,2
8052,16004,2
8052,12492,1
8052,34644,1
8052,21378,1
8052,22001,1
8052,21507,1
8052,51069,1
8052,20550,1
8052,16010,2
8052,19798,1
8052,34360,1
8052,26079,1
8052,17333,1
8052,58106,1
8052,20111,2
8052,23551,1
8052,12430,1
8052,23163,1
8052,16014,2
8052,45515,1
8052,16777,1
8052,12433,1
8052,33442,2
8052,43073,1
8052,12700,1
8052,22613,1
8052,21133,1
8052,13366,1
8052,38666,1
8052,50594,1
8052,14554,1
8052,37467,1
8052,24688,1
8053,18052,1
8053,17727,1
8053,15120,1
8053,23824,7
8053,31989,1
8053,17585,1
8053,9625,2
8053,21991,4
8053,24777,3
8053,10464,1
8053,12706,2
8053,22209,2
8053,18292,4
8053,26227,2
8053,39345,1
8053,13692,11
8053,17265,2
8053,38360,1
8053,19712,10
8053,17214,13
8053,19449,1
8053,24921,1
8053,15117,1
8053,12740,15
8053,21132,2
8053,10984,1
8053,12676,2
8053,23181,5
8053,31643,4
8053,33540,1
8053,24503,3
8053,15493,1
8053,11345,1
8053,23291,1
8053,16282,2
8053,17612,3
8053,17721,3
8053,15649,1
8053,18618,1
8053,34145,1
8054,47648,2
8054,18127,7
8054,26064,1
8054,14549,1
8054,18322,1
8054,19838,2
8054,18093,1
8054,12397,1
8054,20983,2
8054,34194,1
8054,43207,2
8054,21975,1
8054,33938,2
8054,37953,1
8054,20987,2
8054,28053,1
8054,51377,1
8054,29328,1
8054,13756,1
8054,33484,1
8054,47647,1
8054,43210,1
8054,14521,1
8054,18038,1
8054,24400,3
8054,18481,1
8054,20195,1
8054,9956,1
8054,16784,1
8054,47646,1
8054,18376,1
8054,22809,1
8054,27065,5
8054,49188,1
8054,17874,1
8054,11914,2
8054,50392,1
8054,54201,1
8054,14054,2
8054,12672,3
8055,11409,1
8055,11923,1
8055,12498,1
8055,33698,1
8055,43203,1
8055,46815,1
8055,56689,1
8055,22951,2
8055,19265,1
8055,28376,1
8055,27343,1
8055,29413,2
8055,17474,1
8055,26913,2
8055,39664,1
8055,48304,2
8055,22043,1
8055,55101,1
8055,36858,1
8055,23279,1
8055,19875,1
8055,33553,1
8055,23027,3
8055,24107,3
8055,25717,1
8055,24195,2
8055,50038,1
8055,41077,1
8055,10604,1
8055,37521,1
8055,26059,1
8055,33584,1
8055,20475,1
8055,17498,1
8055,29989,1
8055,35402,1
8055,23780,1
8055,39061,2
8055,56685,2
8055,32047,1
8056,18826,2
8056,20445,1
8056,16755,1
8056,28348,1
8056,21898,1
8056,31139,4
8056,30086,3
8056,12702,5
8056,38414,6
8056,17215,3
8056,51630,1
8056,11269,7
8056,11791,1
8056,45201,2
8056,9607,2
8056,13063,1
8056,31320,1
8056,24732,1
8056,38108,1
8056,19771,1
8056,23514,1
8056,13894,1
8056,26061,2
8056,40794,1
8056,24532,2
8056,24131,1
8056,13536,3
8056,17205,5
8056,15476,3
8056,23732,2
8056,26131,2
8056,17215,3
8056,36724,1
8056,31354,2
8056,19809,1
8056,25508,1
8056,24535,8
8056,35061,1
8056,13690,1
8056,14145,1
8057,17115,1
8057,19792,1
8057,11952,1
8057,22787,1
8057,23890,1
8057,13680,1
8057,19442,2
8057,8800,1
8057,18946,1
8057,16642,1
8057,16435,1
8057,17592,7
8057,14555,12
8057,9991,7
8057,18951,4
8057,18672,1
8057,18448,8
8057,19620,4
8057,9823,15
8057,18012,1
8057,25131,1
8057,22785,1
8057,43926,1
8057,9996,2
8057,13746,1
8057,21460,1
8057,33138,2
8057,31915,1
8057,28535,1
8057,30177,1
8057,20906,2
8057,22940,1
8057,16042,1
8057,31477,1
8057,17601,4
8057,23893,1
8057,33484,1
8057,35483,1
8057,17820,2
8057,50656,1
8058,19225,2
8058,19850,1
8058,31356,3
8058,34352,1
8058,46555,2
8058,29873,1
8058,38666,1
8058,39054,1
8058,23496,5
8058,17663,1
8058,49155,1
8058,24007,1
8058,44418,1
8058,9957,1
8058,18174,2
8058,39987,1
8058,37907,1
8058,46446,4
8058,22582,1
8058,14174,2
8058,20511,1
8058,26583,1
8058,13756,1
8058,23208,1
8058,19836,1
8058,30204,1
8058,49005,1
8058,23204,2
8058,20193,1
8058,28899,1
8058,12709,1
8058,17876,2
8058,28266,1
8058,22858,2
8058,46855,1
8058,27539,1
8058,25036,2
8058,18682,3
8058,37390,1
8058,48294,1
8059,10803,1
8059,16766,1
8059,24383,1
8059,10349,1
8059,17037,1
8059,9394,2
8059,20983,4
8059,22428,1
8059,20199,1
8059,12669,1
8059,10769,1
8059,21592,1
8059,9751,3
8059,15063,1
8059,9770,2
8059,9989,1
8059,10784,1
8059,9756,3
8059,9756,3
8059,9775,2
8059,14993,2
8059,22631,4
8059,19799,1
8059,17623,1
8059,23306,2
8059,24384,1
8059,15620,1
8059,23305,1
8059,20559,1
8059,13360,3
8059,9766,4
8059,9761,2
8059,19807,2
8059,23918,1
8059,12858,1
8059,23308,2
8059,9790,5
8059,10736,1
8059,23307,2
8059,23602,1
8060,15447,2
8060,20550,2
8060,19419,1
8060,21458,1
8060,43880,1
8060,23204,4
8060,44919,1
8060,28257,1
8060,48975,1
8060,34373,1
8060,43092,4
8060,36478,1
8060,13613,1
8060,19056,2
8060,26586,3
8060,29799,2
8060,15495,1
8060,31329,3
8060,36611,3
8060,38180,1
8060,60951,1
8060,17454,1
8060,22806,2
8060,49154,3
8060,37953,2
8060,34255,2
8060,53266,1
8060,48400,1
8060,50103,1
8060,28067,1
8060,57418,1
8060,53238,1
8060,47744,1
8060,23941,1
8060,28253,1
8060,43118,1
8060,12648,1
8060,39617,1
8060,42025,2
8060,47672,1
8061,21768,1
8061,48169,1
8061,33254,2
8061,59410,1
8061,33408,4
8061,33781,1
8061,31103,1
8061,29984,1
8061,33778,4
8061,33408,4
8061,23485,8
8061,34491,1
8061,26348,3
8061,26348,3
8061,27955,1
8061,23577,1
8061,47568,1
8061,24503,1
8061,33780,2
8061,35435,2
8061,39797,1
8061,63065,1
8061,23485,8
8061,41507,1
8061,40189,1
8061,22265,1
8061,41298,1
8061,61252,1
8061,33408,4
8061,44511,1
8061,33778,4
8061,27015,1
8061,49550,1
8061,18620,2
8061,29234,1
8061,27449,1
8061,45871,1
8061,24589,3
8061,16200,1
8061,23282,1
8062,13870,1
8062,46746,1
8062,38527,3
8062,39441,1
8062,44109,1
8062,23919,2
8062,13766,5
8062,16753,1
8062,18840,1
8062,22183,1
8062,17378,1
8062,40162,1
8062,25097,2
8062,50068,1
8062,18793,1
8062,21989,1
8062,49250,1
8062,39616,1
8062,50218,1
8062,13766,5
8062,39900,1
8062,46521,3
8062,18381,1
8062,45201,3
8062,20625,1
8062,25408,1
8062,27914,1
8062,33539,1
8062,21990,1
8062,30513,3
8062,50686,3
8062,51027,3
8062,25440,1
8062,18555,1
8062,26389,1
8062,16318,1
8062,22661,2
8062,21594,1
8062,42644,1
8062,18792,1
8063,13304,1
8063,22021,1
8063,26570,1
8063,18337,2
8063,24455,2
8063,21835,1
8063,26389,1
8063,23017,1
8063,13077,4
8063,23994,1
8063,38438,1
8063,13815,1
8063,16751,1
8063,13422,1
8063,37035,1
8063,43092,1
8063,23135,1
8063,12634,1
8063,26130,1
8063,24007,1
8063,15834,2
8063,20906,2
8063,23272,1
8063,26032,2
8063,49594,1
8063,12527,3
8063,13079,1
8063,42617,1
8063,45113,1
8063,24602,1
8063,26526,2
8063,29259,3
8063,23783,1
8063,18584,1
8063,13086,1
8063,21041,1
8063,23362,1
8063,24495,1
8063,35042,1
8063,12592,1
8064,52419,1
8064,47793,1
8064,54835,1
8064,45152,1
8064,43307,1
8065,39304,1
8065,23163,1
8065,53857,1
8065,23201,1
8065,17262,3
8065,23808,1
8065,47259,1
8065,22620,1
8065,20609,1
8065,31699,2
8065,13366,1
8065,28140,1
8065,49776,1
8065,37824,2
8065,52097,1
8065,14152,1
8065,28602,1
8065,37822,2
8065,23279,1
8065,19850,1
8065,30229,2
8065,34771,2
8065,54221,1
8065,28768,1
8065,50594,1
8065,22479,1
8065,53763,1
8065,21021,1
8065,30797,2
8065,52957,1
8065,17831,1
8065,40746,3
8065,14055,1
8065,34800,3
8065,33023,3
8065,43485,1
8065,51069,1
8065,34466,1
8065,25598,1
8065,44671,1
8066,35143,1
8066,49080,1
8066,30116,1
8066,14096,1
8066,30132,1
8066,12180,2
8066,13675,1
8066,9699,10
8066,32501,1
8066,14213,3
8066,25989,2
8066,10690,1
8066,34834,1
8066,23402,2
8066,14882,1
8066,22742,1
8066,33492,1
8066,47061,1
8066,32123,2
8066,31004,2
8066,21425,1
8066,26398,3
8066,18630,4
8066,18494,12
8066,31004,2
8066,8414,6
8066,9261,1
8066,34966,1
8066,19757,1
8066,20530,2
8066,19201,7
8066,37971,1
8066,19178,4
8066,32265,2
8066,17397,10
8066,19988,1
8066,17549,1
8066,15281,3
8066,17398,10
8066,10884,4
8067,23402,1
8067,20028,1
8067,10677,1
8067,17921,1
8067,36686,1
8067,49371,1
8067,13180,1
8067,9699,1
8067,9255,1
8067,26400,1
8067,36682,1
8067,30554,1
8067,25081,1
8067,36677,1
8067,33493,1
8067,13471,1
8067,30117,1
8067,28842,1
8067,43917,1
8067,31177,1
8067,30125,1
8067,26958,1
8067,36679,1
8067,20529,1
8067,19547,1
8067,9692,1
8067,30116,1
8067,32045,1
8067,18031,1
8067,58333,1
8067,30124,1
8067,28977,1
8067,13099,1
8067,36681,1
8067,18572,1
8067,32413,1
8067,9713,1
8067,25488,1
8067,36685,1
8067,55118,1
8068,23118,1
8068,27965,1
8068,18025,1
8068,35994,1
8069,11671,2
8069,27170,1
8069,12037,1
8069,17166,1
8069,38745,1
8069,22035,2
8069,19679,3
8069,26070,2
8069,18893,2
8069,26678,2
8069,23880,1
8069,33394,2
8069,24593,1
8069,25940,2
8069,9755,1
8069,33586,1
8069,18149,1
8069,24179,1
8069,41198,2
8069,24497,1
8069,19279,1
8069,11393,1
8069,15167,2
8069,18463,4
8069,10198,3
8069,16028,1
8069,22691,1
8069,31557,6
8069,10198,3
8069,22012,1
8069,12301,3
8069,14527,8
8069,12787,12
8069,21680,2
8069,25103,1
8069,8741,1
8069,25940,2
8069,18188,10
8069,24748,1
8069,12013,2
8070,9038,3
8070,13891,7
8070,22623,1
8070,30524,1
8070,28790,1
8070,16331,3
8070,12814,4
8070,32033,1
8070,22273,1
8070,13877,7
8070,22943,1
8070,17386,2
8070,9940,2
8070,12182,2
8070,26621,1
8070,19156,1
8070,19340,1
8070,26348,1
8070,27604,3
8070,11870,1
8070,16626,1
8070,11008,2
8070,18641,1
8070,31229,2
8070,14621,1
8070,12042,6
8070,17783,1
8070,19201,1
8070,19709,1
8070,38321,1
8070,34423,1
8070,39431,1
8070,19572,1
8070,32922,1
8070,20290,1
8070,20361,1
8070,22624,1
8070,21653,1
8070,14103,1
8070,16833,1
8071,15711,1
8071,13738,2
8071,19341,1
8071,14202,4
8071,25037,1
8071,23826,3
8071,21756,4
8071,10614,17
8071,39634,1
8071,14417,4
8071,25986,1
8071,14548,9
8071,10014,2
8071,45346,1
8071,22629,4
8071,18515,1
8071,23011,1
8071,36611,1
8071,15045,1
8071,14521,6
8071,18900,2
8071,21824,1
8071,20983,7
8071,31319,1
8071,14563,12
8071,14564,5
8071,20445,1
8071,14548,9
8071,48696,1
8071,31643,1
8071,46450,1
8071,28731,1
8071,12709,1
8071,22628,3
8071,18555,8
8071,32033,1
8071,18192,3
8071,30861,2
8071,19428,7
8071,20631,1
8072,33674,1
8072,13894,2
8072,18700,2
8072,21173,1
8072,17892,3
8072,31840,1
8072,24760,1
8072,25073,4
8072,9949,1
8072,10127,6
8072,16789,5
8072,23123,4
8072,24428,2
8072,24761,7
8072,10125,2
8072,13871,12
8072,18525,2
8072,15095,4
8072,21017,2
8072,24852,1
8072,25960,4
8072,22987,9
8072,17670,1
8072,31765,1
8072,40055,2
8072,20309,3
8072,13637,4
8072,26906,8
8072,30656,1
8072,29457,5
8072,8569,2
8072,10103,13
8072,24222,2
8072,24223,1
8072,26833,1
8072,17403,3
8072,23723,1
8072,22008,1
8072,10080,7
8072,25075,5
8073,12294,3
8073,8857,1
8073,16745,2
8073,12248,17
8073,13146,4
8073,35646,2
8073,32516,2
8073,26766,2
8073,26912,5
8073,18501,4
8073,34296,1
8073,21187,1
8073,14636,5
8073,27103,2
8073,21265,7
8073,25078,6
8073,26919,4
8073,23647,1
8073,10796,1
8073,10371,1
8073,21259,1
8073,42565,2
8073,11391,3
8073,10851,1
8073,46188,1
8073,11140,7
8073,16702,12
8073,12430,9
8073,19891,1
8073,18905,14
8073,16622,18
8073,18342,2
8073,17608,1
8073,18918,5
8073,25079,11
8073,32314,12
8073,34318,1
8073,58638,1
8073,20059,1
8073,12557,2
8074,17250,3
8074,39819,1
8074,9904,19
8074,8651,16
8074,14206,3
8074,11488,10
8074,25246,1
8074,31754,2
8074,15595,6
8074,22304,2
8074,24461,6
8074,19863,2
8074,32680,4
8074,20593,1
8074,45133,1
8074,17104,14
8074,25513,1
8074,34370,1
8074,42647,1
8074,19774,5
8074,26920,3
8074,30627,1
8074,11549,8
8074,25556,2
8074,14687,3
8074,19598,3
8074,9813,3
8074,32685,4
8074,10892,3
8074,17099,2
8074,12999,4
8074,15326,12
8074,13194,3
8074,23589,6
8074,29380,4
8074,27723,1
8074,24359,5
8074,19044,7
8074,36460,3
8074,21396,12
8076,11660,1
8076,23050,1
8076,28885,1
8076,24066,1
8076,26433,2
8076,11876,1
8076,27040,3
8076,26665,1
8076,34730,1
8076,38156,1
8076,22051,1
8076,41043,1
8076,25578,1
8076,26890,1
8076,39835,1
8076,10397,3
8076,34535,1
8076,20947,1
8076,12041,1
8076,20172,1
8076,12021,2
8076,29483,1
8076,11633,2
8076,27960,1
8076,30524,1
8076,18602,2
8076,22543,1
8076,25458,1
8076,26666,1
8076,15159,1
8076,21914,1
8076,20183,1
8076,10883,1
8076,12015,2
8076,31780,1
8076,15033,1
8076,16791,1
8076,24119,1
8076,12791,1
8076,22136,1
8077,26273,1
8077,13953,2
8077,36728,1
8077,16243,1
8077,28300,1
8077,42814,1
8077,45985,3
8077,22845,1
8077,44923,3
8077,45985,3
8077,11768,3
8077,35694,1
8077,32442,1
8077,46941,1
8077,46516,1
8077,42732,2
8077,29723,1
8077,11487,2
8077,44721,1
8077,18900,1
8077,28724,1
8077,47906,1
8077,48601,7
8077,56547,1
8077,61403,1
8077,24900,10
8077,47642,3
8077,53622,1
8077,43190,3
8077,26062,1
8077,48605,1
8077,18263,2
8077,54677,1
8077,29311,1
8077,47088,3
8077,13375,3
8077,14187,1
8077,49423,1
8077,26847,2
8077,14138,2
8078,31300,4
8078,25769,1
8078,41672,2
8078,44744,2
8078,38848,3
8078,18388,5
8078,25774,1
8078,19285,1
8078,25773,1
8078,23479,2
8078,31992,1
8078,38576,2
8078,39650,1
8078,31521,1
8078,18401,3
8078,13140,5
8078,38710,1
8078,24774,2
8078,28344,1
8078,44742,3
8078,44333,2
8078,25772,1
8078,46961,3
8078,55441,1
8078,13577,5
8078,53877,1
8078,22131,1
8078,38044,1
8078,38553,1
8078,11487,2
8078,19228,5
8078,44743,3
8078,19238,2
8078,44257,1
8078,46554,1
8078,44740,3
8078,44740,3
8078,27917,3
8078,43564,1
8078,25771,1
8079,22618,4
8079,15100,1
8079,14521,9
8079,18668,5
8079,23735,1
8079,20687,2
8079,54677,1
8079,30849,1
8079,46618,1
8079,8808,1
8079,22064,2
8079,16315,2
8079,15747,2
8079,30237,4
8079,22455,1
8079,23466,1
8079,18163,3
8079,21119,1
8079,28439,1
8079,19401,18
8079,16028,1
8079,37843,2
8079,15091,1
8079,21411,2
8079,22438,1
8079,16034,1
8079,17263,1
8079,45383,1
8079,22221,1
8079,23849,1
8079,48582,1
8079,30662,1
8079,31223,6
8079,25490,6
8079,28398,1
8079,21377,2
8079,18412,3
8079,47074,1
8079,22483,2
8079,54273,1
8080,8841,1
8080,11175,1
8080,21195,2
8080,22624,1
8080,29224,1
8080,13926,2
8080,16790,1
8080,21328,1
8080,10736,5
8080,47168,1
8080,11118,1
8080,22096,1
8080,24298,1
8080,41997,1
8080,12857,1
8080,8902,1
8080,13868,1
8080,46385,2
8080,9113,1
8080,8091,1
8080,8906,1
8080,12686,1
8080,9102,1
8080,10796,1
8080,21391,3
8080,22625,1
8080,11124,1
8080,22706,2
8080,25611,2
8080,9180,1
8080,10249,2
8080,8568,4
8080,11128,1
8080,15667,1
8080,21362,1
8080,27315,1
8080,39919,1
8080,9103,1
8080,9105,1
8080,12637,1
8081,15151,6
8081,11140,2
8081,25175,10
8081,26614,14
8081,33392,1
8081,22982,13
8081,26612,12
8081,39943,5
8081,31985,13
8081,33629,4
8081,12563,1
8081,17453,1
8081,16326,2
8081,11356,1
8081,20144,1
8081,19793,10
8081,22931,7
8081,31686,1
8081,15553,9
8081,11865,12
8081,18464,1
8081,44262,1
8081,12026,20
8081,26613,7
8081,30924,1
8081,22000,1
8081,24894,1
8081,31821,2
8081,11960,1
8081,9071,2
8081,13121,2
8081,12036,10
8081,14310,1
8081,12024,8
8081,28037,6
8081,30370,1
8081,37711,1
8081,28874,8
8081,34648,11
8081,24066,2
8082,32025,1
8082,33098,1
8082,26421,1
8082,34520,1
8082,37101,1
8082,32001,1
8082,34685,1
8082,26776,1
8082,38010,1
8082,29809,1
8082,43054,1
8082,57888,1
8082,31973,1
8082,33401,1
8082,26429,1
8082,26422,1
8082,42595,1
8082,38878,1
8082,32735,1
8082,32602,1
8082,26433,1
8082,26358,1
8082,30858,1
8082,47321,1
8082,34684,1
8082,46486,1
8082,28391,1
8082,28614,1
8082,32601,1
8082,38876,1
8082,37908,1
8082,35330,1
8082,43173,1
8082,26431,1
8082,38358,1
8082,27462,1
8082,39924,1
8082,34683,1
8082,38877,1
8082,39571,1
8083,9755,1
8083,40405,1
8083,16717,1
8083,26842,1
8083,8833,1
8083,24211,1
8083,13674,1
8083,36793,1
8083,38615,1
8083,20091,1
8083,22605,1
8083,24834,2
8083,23665,1
8083,14135,3
8083,16695,1
8083,34566,1
8083,23305,1
8083,21251,1
8083,24607,3
8083,13963,1
8083,59726,1
8083,13907,1
8083,59341,1
8083,24819,1
8083,28213,1
8083,34533,1
8083,18234,1
8083,27244,1
8083,21213,1
8083,13960,2
8083,16789,5
8083,22405,2
8083,39093,1
8083,23369,1
8083,34868,1
8083,26665,1
8083,12430,2
8083,16297,1
8083,8744,3
8083,20327,1
8084,11391,9
8084,13886,6
8084,18096,2
8084,8899,15
8084,25721,1
8084,21514,5
8084,11076,7
8084,10371,12
8084,18960,9
8084,11518,4
8084,16512,2
8084,24210,4
8084,24205,4
8084,28117,1
8084,33625,1
8084,24599,1
8084,24767,3
8084,8610,3
8084,11229,7
8084,11112,7
8084,19157,5
8084,20969,1
8084,26815,9
8084,14093,2
8084,15033,4
8084,40442,3
8084,24689,6
8084,8553,11
8084,14416,1
8084,21318,2
8084,8748,7
8084,20023,4
8084,8771,6
8084,13706,2
8084,12637,9
8084,16795,1
8084,11559,1
8084,10896,5
8084,12041,5
8084,17387,2
8085,15134,3
8085,26701,7
8085,33722,3
8085,33627,2
8085,43400,1
8085,21136,2
8085,15133,1
8085,34817,8
8085,15194,2
8085,33712,1
8085,30064,1
8085,26676,3
8085,26885,1
8085,21216,1
8085,27737,2
8085,43053,5
8085,26655,3
8085,27351,3
8085,39623,1
8085,50801,2
8085,24159,5
8085,24440,2
8085,26656,1
8085,41915,1
8085,29070,7
8085,40649,3
8085,28876,2
8085,60146,1
8085,32104,1
8085,28821,1
8085,26658,5
8085,27166,1
8085,34543,2
8085,21220,3
8085,26701,7
8085,15191,3
8085,26665,1
8085,21223,3
8085,28007,2
8085,39141,1
8086,15054,2
8086,31594,1
8086,10293,1
8086,18309,1
8086,15973,2
8086,30743,4
8086,10313,2
8086,37473,1
8086,14624,1
8086,33719,1
8086,17081,1
8086,18008,1
8086,21070,1
8086,21932,1
8086,30235,3
8086,17117,1
8086,32106,1
8086,25679,1
8086,22259,1
8086,16892,1
8086,10854,1
8086,10027,1
8086,10038,1
8086,17113,2
8086,16546,1
8086,25677,2
8086,18983,1
8086,32296,1
8086,26044,1
8086,11117,4
8086,21356,1
8086,9492,4
8086,21813,1
8086,24704,1
8086,18358,1
8086,35229,1
8086,14568,2
8086,43225,1
8086,43224,1
8086,17359,2
8087,21603,1
8087,11839,2
8087,21198,3
8087,17181,1
8087,32865,4
8087,12637,5
8087,11128,14
8087,12900,3
8087,19347,2
8087,10100,14
8087,18285,1
8087,24066,13
8087,19408,1
8087,11119,5
8087,18227,2
8087,11749,1
8087,16555,5
8087,26367,6
8087,24777,2
8087,19434,3
8087,26883,1
8087,19403,2
8087,20299,3
8087,33752,3
8087,25610,5
8087,26356,3
8087,31880,2
8087,32553,3
8087,39487,3
8087,13868,3
8087,11108,7
8087,16361,3
8087,20550,3
8087,19793,9
8087,21914,7
8087,22439,2
8087,20320,8
8087,24753,1
8087,29848,2
8087,21598,5
8088,16335,1
8088,24846,1
8088,30866,1
8088,22220,3
8088,26433,3
8088,24735,3
8088,17905,5
8088,22143,3
8088,31321,1
8088,16549,1
8088,26576,2
8088,18969,2
8088,22533,1
8088,26183,1
8088,32166,1
8088,30700,1
8088,24960,2
8088,22474,4
8088,32072,1
8088,20302,2
8088,19804,1
8088,24133,2
8088,33185,1
8088,30312,2
8088,40162,1
8088,34445,1
8088,12029,1
8088,15522,1
8088,17333,4
8088,32017,2
8088,21031,1
8088,22090,3
8088,35455,2
8088,30296,1
8088,31232,1
8088,33140,1
8088,18011,1
8088,28808,3
8088,26980,1
8088,8389,2
8089,15163,7
8089,15166,5
8089,43396,2
8089,12037,6
8089,15046,10
8089,34565,1
8089,14742,7
8089,26725,5
8089,24170,10
8089,26656,4
8089,37139,17
8089,33635,2
8089,26349,6
8089,21520,3
8089,22543,7
8089,34554,3
8089,33617,1
8089,43872,9
8089,36408,11
8089,43399,12
8089,41853,1
8089,11319,1
8089,17369,1
8089,21090,24
8089,38919,2
8089,21094,14
8089,28072,4
8089,22946,1
8089,29264,1
8089,18612,3
8089,21365,1
8089,18750,6
8089,43873,7
8089,41464,1
8089,33613,1
8089,32625,7
8089,33627,10
8089,55003,1
8089,33474,1
8089,39947,2
8090,16322,9
8090,13853,16
8090,18613,2
8090,30904,4
8090,11876,16
8090,21134,1
8090,24303,1
8090,13465,1
8090,17053,2
8090,11653,1
8090,30813,5
8090,20305,5
8090,24629,1
8090,12916,1
8090,23543,1
8090,24814,1
8090,18906,1
8090,21711,7
8090,13708,4
8090,13861,16
8090,12638,13
8090,20178,3
8090,19351,2
8090,27959,1
8090,30023,2
8090,15051,8
8090,21752,3
8090,14137,3
8090,13573,7
8090,11880,11
8090,39900,1
8090,26322,3
8090,13895,7
8090,15076,1
8090,24171,1
8090,29062,2
8090,11710,1
8090,11501,10
8090,11855,9
8090,24622,1
8091,13923,4
8091,24550,26
8091,13677,9
8091,13920,6
8091,16689,4
8091,16789,9
8091,13285,5
8091,15709,2
8091,21438,1
8091,18532,25
8091,20561,6
8091,61284,1
8091,32871,4
8091,35875,1
8091,39606,1
8091,8767,2
8091,12902,3
8091,11931,2
8091,13671,5
8091,13954,3
8091,27068,1
8091,23878,1
8091,28916,1
8091,35873,1
8091,27091,1
8091,35596,3
8091,41204,1
8091,24933,11
8091,29561,1
8091,14434,1
8091,20055,2
8091,24508,2
8091,22828,8
8091,24833,15
8091,53713,1
8091,16715,4
8091,17514,19
8091,31728,4
8091,21720,3
8091,30636,4
8092,13747,1
8092,18808,5
8092,60316,1
8092,21378,4
8092,43764,2
8092,10736,1
8092,17584,2
8092,21281,5
8092,37438,1
8092,18086,1
8092,25680,2
8092,11048,1
8092,19934,1
8092,19849,5
8092,23208,3
8092,21281,5
8092,31322,1
8092,45352,1
8092,28604,1
8092,9794,1
8092,18438,1
8092,52095,1
8092,31699,1
8092,50594,2
8092,14551,1
8092,18397,5
8092,14325,1
8092,18188,1
8092,31320,2
8092,38666,2
8092,14054,4
8092,14130,1
8092,52019,1
8092,31370,1
8092,31378,1
8092,42214,1
8092,37819,1
8092,16363,1
8092,13906,1
8092,18903,1
8093,26562,2
8093,11857,3
8093,25125,2
8093,19158,3
8093,26913,1
8093,41974,1
8093,21072,3
8093,25618,1
8093,30502,1
8093,11746,1
8093,50599,1
8093,26644,1
8093,41202,1
8093,41357,2
8093,19147,3
8093,40403,1
8093,32716,1
8093,29357,1
8093,35102,1
8093,31844,2
8093,35231,1
8093,34474,1
8093,49734,1
8093,14358,1
8093,25021,1
8093,18952,1
8093,15199,3
8093,29366,3
8093,11960,4
8093,20057,3
8093,21084,2
8093,30072,1
8093,13374,1
8093,19937,3
8093,31460,2
8093,18892,7
8093,30197,1
8093,16749,2
8093,47944,1
8093,55215,1
8094,33289,1
8094,21147,1
8094,41055,1
8094,38090,2
8094,25158,2
8094,34074,2
8094,22006,1
8094,29352,1
8094,21092,4
8094,28681,1
8094,24170,1
8094,32884,1
8094,27260,1
8094,26966,1
8094,33621,1
8094,27502,1
8094,34441,1
8094,24175,1
8094,32886,2
8094,22045,2
8094,32888,1
8094,24155,1
8094,32349,2
8094,39133,1
8094,42002,1
8094,27256,1
8094,33632,1
8094,27253,2
8094,27259,1
8094,31140,1
8094,24052,1
8094,33615,1
8094,20167,3
8094,29728,1
8094,31820,1
8094,29311,2
8094,33125,1
8094,32886,2
8094,34284,1
8094,27961,1
8095,17891,2
8095,17890,1
8095,14447,1
8095,17894,1
8095,17899,1
8095,17350,1
8095,17838,1
8095,17893,1
8095,17903,1
8095,17897,1
8095,14618,1
8095,17895,1
8095,14438,1
8095,17898,1
8095,17909,1
8095,17657,1
8095,14442,1
8095,17892,1
8095,17901,1
8095,15886,1
8095,17908,1
8095,17902,1
8095,17905,1
8095,17889,1
8095,17900,1
8095,17907,1
8095,14445,1
8095,17888,2
8095,17896,1
8095,14444,1
8095,17906,1
8095,14446,1
8095,17904,1
8095,17817,1
8096,31614,1
8096,18273,3
8096,18941,11
8096,29651,1
8096,32119,5
8096,20011,1
8096,32643,1
8096,20260,1
8096,14351,15
8096,19197,2
8096,14350,14
8096,27013,2
8096,25918,15
8096,31815,6
8096,46003,1
8096,36988,5
8096,11632,2
8096,13584,1
8096,16380,8
8096,13980,1
8096,21043,9
8096,37150,1
8096,25417,2
8096,26665,1
8096,36989,22
8096,61980,1
8096,13309,1
8096,27092,6
8096,18863,7
8096,27096,19
8096,26128,19
8096,30993,26
8096,42230,1
8096,24023,3
8096,30927,5
8096,32033,4
8096,39367,9
8096,30481,2
8096,25123,6
8096,24728,9
8097,25500,1
8097,39905,1
8097,19801,2
8097,19705,1
8097,17421,1
8097,10600,1
8097,36522,1
8097,8402,3
8097,17999,3
8097,9362,1
8097,23017,1
8097,11692,4
8097,31080,1
8097,28292,1
8097,19895,2
8097,17355,2
8097,17463,1
8097,10113,2
8097,37143,1
8097,12670,2
8097,11094,2
8097,18491,9
8097,26706,1
8097,21994,3
8097,13114,1
8097,14562,1
8097,29806,1
8097,8834,2
8097,38579,1
8097,30162,1
8097,30235,3
8097,18525,2
8097,21646,1
8097,11128,3
8097,15682,1
8097,27028,2
8097,12582,1
8097,10009,5
8097,39914,1
8097,28568,1
